1, 1, 1, 1, 1, 8, 8, 11
1, 1, 1, 1, 1, 9, 16, 16
1, 1, 1, 1, 1, 10, 12, 18
1, 1, 1, 1, 1, 11, 11, 23
1, 1, 1, 1, 2, 4, 4, 21
1, 1, 1, 1, 2, 4, 15, 15
1, 1, 1, 1, 2, 5, 18, 23
1, 1, 1, 1, 2, 12, 21, 22
1, 1, 1, 1, 3, 4, 7, 15
1, 1, 1, 1, 4, 4, 8, 18
1, 1, 1, 1, 4, 8, 10, 22
1, 1, 1, 1, 5, 6, 9, 10
1, 1, 1, 1, 5, 9, 16, 23
1, 1, 1, 1, 5, 11, 13, 23
1, 1, 1, 1, 5, 15, 15, 18
1, 1, 1, 1, 6, 12, 16, 16
1, 1, 1, 1, 6, 18, 21, 22
1, 1, 1, 1, 8, 8, 15, 18
1, 1, 1, 1, 8, 9, 16, 16
1, 1, 1, 1, 8, 12, 23, 23
1, 1, 1, 1, 11, 12, 15, 16
1, 1, 1, 1, 11, 16, 16, 21
1, 1, 1, 1, 12, 13, 18, 23
1, 1, 1, 1, 16, 19, 21, 22
1, 1, 1, 1, 18, 19, 19, 19
1, 1, 1, 2, 2, 2, 2, 22
1, 1, 1, 2, 2, 3, 11, 19
1, 1, 1, 2, 2, 4, 10, 23
1, 1, 1, 2, 2, 7, 8, 8
1, 1, 1, 2, 2, 7, 10, 18
1, 1, 1, 2, 2, 7, 10, 23
1, 1, 1, 2, 2, 11, 12, 15
1, 1, 1, 2, 4, 9, 13, 15
1, 1, 1, 2, 6, 9, 10, 16
1, 1, 1, 2, 7, 11, 13, 22
1, 1, 1, 2, 8, 8, 10, 18
1, 1, 1, 2, 8, 8, 10, 19
1, 1, 1, 2, 9, 9, 11, 21
1, 1, 1, 2, 9, 12, 12, 12
1, 1, 1, 2, 10, 11, 13, 13
1, 1, 1, 2, 12, 18, 21, 23
1, 1, 1, 2, 13, 19, 22, 22
1, 1, 1, 2, 15, 15, 15, 21
1, 1, 1, 2, 15, 19, 21, 21
1, 1, 1, 2, 18, 19, 19, 23
1, 1, 1, 3, 3, 9, 11, 21
1, 1, 1, 3, 4, 4, 6, 23
1, 1, 1, 3, 5, 5, 9, 10
1, 1, 1, 3, 7, 11, 12, 18
1, 1, 1, 3, 8, 9, 9, 12
1, 1, 1, 3, 8, 10, 15, 19
1, 1, 1, 3, 11, 11, 12, 12
1, 1, 1, 3, 12, 12, 15, 21
1, 1, 1, 3, 12, 13, 13, 21
1, 1, 1, 3, 15, 18, 21, 21
1, 1, 1, 4, 4, 15, 16, 16
1, 1, 1, 4, 5, 9, 15, 18
1, 1, 1, 4, 5, 16, 18, 21
1, 1, 1, 4, 6, 7, 8, 15
1, 1, 1, 4, 7, 8, 8, 15
1, 1, 1, 4, 7, 8, 8, 22
1, 1, 1, 4, 7, 18, 18, 18
1, 1, 1, 4, 9, 10, 12, 21
1, 1, 1, 4, 9, 15, 18, 23
1, 1, 1, 4, 19, 21, 22, 22
1, 1, 1, 5, 5, 8, 8, 11
1, 1, 1, 5, 5, 10, 10, 13
1, 1, 1, 5, 7, 7, 9, 10
1, 1, 1, 5, 7, 8, 10, 22
1, 1, 1, 5, 8, 9, 16, 16
1, 1, 1, 5, 9, 9, 12, 13
1, 1, 1, 5, 9, 11, 13, 19
1, 1, 1, 5, 9, 11, 15, 23
1, 1, 1, 5, 13, 18, 19, 22
1, 1, 1, 6, 6, 8, 15, 16
1, 1, 1, 6, 6, 13, 13, 19
1, 1, 1, 6, 7, 7, 9, 18
1, 1, 1, 6, 7, 9, 19, 19
1, 1, 1, 6, 7, 11, 18, 18
1, 1, 1, 6, 8, 8, 8, 10
1, 1, 1, 6, 8, 12, 13, 16
1, 1, 1, 6, 8, 13, 18, 21
1, 1, 1, 6, 9, 9, 18, 19
1, 1, 1, 6, 10, 12, 18, 23
1, 1, 1, 6, 12, 12, 13, 19
1, 1, 1, 7, 7, 8, 11, 15
1, 1, 1, 7, 7, 10, 10, 23
1, 1, 1, 7, 8, 8, 11, 21
1, 1, 1, 7, 8, 16, 16, 18
1, 1, 1, 7, 9, 9, 12, 18
1, 1, 1, 7, 10, 10, 12, 15
1, 1, 1, 8, 8, 9, 9, 23
1, 1, 1, 8, 8, 9, 10, 21
1, 1, 1, 8, 9, 9, 9, 9
1, 1, 1, 8, 9, 12, 12, 15
1, 1, 1, 8, 10, 11, 12, 18
1, 1, 1, 8, 11, 11, 13, 23
1, 1, 1, 8, 13, 13, 16, 18
1, 1, 1, 8, 19, 19, 22, 23
1, 1, 1, 9, 9, 9, 15, 22
1, 1, 1, 9, 9, 13, 21, 21
1, 1, 1, 9, 10, 11, 19, 21
1, 1, 1, 9, 13, 18, 19, 19
1, 1, 1, 9, 19, 19, 22, 22
1, 1, 1, 10, 10, 15, 16, 16
1, 1, 1, 10, 10, 15, 21, 21
1, 1, 1, 10, 10, 18, 21, 21
1, 1, 1, 10, 12, 13, 16, 16
1, 1, 1, 10, 12, 13, 16, 22
1, 1, 1, 10, 15, 19, 21, 21
1, 1, 1, 10, 15, 21, 22, 22
1, 1, 1, 11, 12, 13, 16, 22
1, 1, 1, 11, 13, 15, 22, 23
1, 1, 1, 12, 12, 18, 21, 21
1, 1, 1, 12, 13, 18, 22, 22
1, 1, 2, 2, 2, 3, 8, 9
1, 1, 2, 2, 2, 13, 18, 21
1, 1, 2, 2, 4, 9, 9, 15
1, 1, 2, 2, 6, 21, 23, 23
1, 1, 2, 2, 8, 8, 22, 23
1, 1, 2, 2, 8, 10, 18, 22
1, 1, 2, 2, 11, 13, 18, 22
1, 1, 2, 2, 12, 13, 13, 18
1, 1, 2, 2, 12, 15, 22, 22
1, 1, 2, 2, 15, 16, 21, 22
1, 1, 2, 2, 15, 19, 22, 23
1, 1, 2, 3, 3, 3, 12, 23
1, 1, 2, 3, 4, 15, 21, 21
1, 1, 2, 3, 5, 9, 13, 22
1, 1, 2, 3, 6, 7, 8, 23
1, 1, 2, 3, 6, 8, 18, 22
1, 1, 2, 3, 7, 12, 12, 15
1, 1, 2, 3, 8, 8, 15, 16
1, 1, 2, 3, 8, 8, 19, 21
1, 1, 2, 3, 9, 10, 13, 16
1, 1, 2, 3, 11, 12, 15, 23
1, 1, 2, 3, 12, 12, 22, 23
1, 1, 2, 4, 5, 6, 7, 21
1, 1, 2, 4, 5, 7, 15, 16
1, 1, 2, 4, 5, 9, 15, 15
1, 1, 2, 4, 6, 10, 19, 21
1, 1, 2, 4, 7, 7, 8, 9
1, 1, 2, 4, 7, 15, 21, 22
1, 1, 2, 4, 8, 9, 12, 16
1, 1, 2, 4, 8, 10, 13, 16
1, 1, 2, 5, 5, 6, 8, 21
1, 1, 2, 5, 6, 6, 18, 19
1, 1, 2, 5, 7, 13, 16, 16
1, 1, 2, 5, 8, 8, 21, 22
1, 1, 2, 5, 8, 18, 19, 21
1, 1, 2, 5, 9, 9, 10, 13
1, 1, 2, 6, 10, 10, 18, 18
1, 1, 2, 6, 11, 15, 18, 19
1, 1, 2, 7, 7, 8, 8, 18
1, 1, 2, 7, 7, 8, 9, 10
1, 1, 2, 7, 8, 11, 16, 19
1, 1, 2, 7, 8, 15, 16, 22
1, 1, 2, 7, 9, 10, 11, 22
1, 1, 2, 7, 10, 11, 13, 15
1, 1, 2, 7, 13, 19, 21, 21
1, 1, 2, 7, 15, 15, 15, 21
1, 1, 2, 8, 8, 9, 9, 9
1, 1, 2, 8, 9, 10, 11, 13
1, 1, 2, 8, 9, 10, 12, 18
1, 1, 2, 8, 9, 21, 21, 21
1, 1, 2, 8, 11, 11, 21, 22
1, 1, 2, 8, 12, 12, 18, 22
1, 1, 2, 8, 12, 16, 16, 19
1, 1, 2, 8, 12, 21, 22, 22
1, 1, 2, 8, 18, 18, 18, 21
1, 1, 2, 9, 9, 16, 18, 21
1, 1, 2, 9, 11, 11, 18, 21
1, 1, 2, 9, 13, 13, 16, 19
1, 1, 2, 9, 13, 13, 18, 22
1, 1, 2, 10, 12, 16, 22, 22
1, 1, 2, 10, 13, 21, 21, 21
1, 1, 2, 10, 18, 19, 22, 22
1, 1, 2, 11, 13, 13, 19, 21
1, 1, 2, 11, 15, 18, 18, 21
1, 1, 2, 15, 16, 16, 19, 23
1, 1, 2, 19, 19, 21, 22, 23
1, 1, 3, 4, 5, 10, 15, 16
1, 1, 3, 4, 8, 13, 22, 23
1, 1, 3, 4, 10, 22, 23, 23
1, 1, 3, 4, 12, 12, 16, 19
1, 1, 3, 4, 12, 16, 16, 22
1, 1, 3, 4, 13, 21, 21, 22
1, 1, 3, 5, 5, 12, 13, 19
1, 1, 3, 5, 6, 8, 15, 21
1, 1, 3, 5, 8, 8, 13, 15
1, 1, 3, 5, 13, 15, 16, 21
1, 1, 3, 5, 13, 21, 22, 23
1, 1, 3, 6, 6, 7, 11, 21
1, 1, 3, 6, 6, 12, 21, 22
1, 1, 3, 6, 7, 11, 15, 23
1, 1, 3, 6, 7, 12, 19, 23
1, 1, 3, 6, 8, 9, 10, 23
1, 1, 3, 6, 8, 12, 16, 18
1, 1, 3, 6, 8, 12, 18, 18
1, 1, 3, 7, 9, 10, 18, 19
1, 1, 3, 7, 10, 12, 13, 18
1, 1, 3, 7, 10, 16, 16, 18
1, 1, 3, 7, 10, 16, 21, 21
1, 1, 3, 8, 9, 9, 19, 22
1, 1, 3, 9, 16, 16, 16, 21
1, 1, 3, 10, 15, 15, 16, 16
1, 1, 3, 11, 12, 15, 15, 18
1, 1, 3, 12, 15, 16, 18, 18
1, 1, 3, 12, 15, 18, 19, 21
1, 1, 3, 13, 13, 15, 18, 23
1, 1, 3, 15, 15, 15, 15, 22
1, 1, 3, 15, 16, 21, 21, 22
1, 1, 3, 15, 21, 21, 21, 23
1, 1, 3, 16, 18, 19, 21, 23
1, 1, 4, 4, 7, 7, 8, 9
1, 1, 4, 4, 13, 18, 21, 22
1, 1, 4, 5, 5, 5, 8, 19
1, 1, 4, 5, 5, 9, 13, 15
1, 1, 4, 5, 13, 13, 16, 18
1, 1, 4, 5, 18, 22, 23, 23
1, 1, 4, 6, 9, 11, 13, 18
1, 1, 4, 6, 10, 12, 12, 18
1, 1, 4, 6, 12, 15, 16, 22
1, 1, 4, 7, 7, 15, 19, 21
1, 1, 4, 7, 12, 12, 22, 22
1, 1, 4, 8, 8, 8, 13, 16
1, 1, 4, 8, 9, 16, 21, 23
1, 1, 4, 8, 10, 11, 18, 18
1, 1, 4, 8, 10, 13, 15, 16
1, 1, 4, 8, 10, 13, 15, 18
1, 1, 4, 11, 12, 12, 21, 21
1, 1, 4, 11, 13, 15, 16, 22
1, 1, 4, 12, 16, 19, 19, 22
1, 1, 5, 5, 6, 6, 13, 15
1, 1, 5, 5, 7, 9, 15, 18
1, 1, 5, 5, 8, 10, 10, 10
1, 1, 5, 5, 8, 12, 16, 16
1, 1, 5, 5, 9, 13, 18, 19
1, 1, 5, 5, 11, 12, 21, 21
1, 1, 5, 5, 11, 12, 22, 22
1, 1, 5, 6, 6, 8, 9, 10
1, 1, 5, 6, 6, 16, 18, 21
1, 1, 5, 6, 7, 11, 16, 21
1, 1, 5, 6, 8, 8, 12, 13
1, 1, 5, 6, 8, 13, 15, 15
1, 1, 5, 6, 18, 18, 21, 21
1, 1, 5, 7, 7, 10, 22, 23
1, 1, 5, 7, 9, 9, 18, 21
1, 1, 5, 7, 9, 12, 18, 18
1, 1, 5, 7, 10, 10, 11, 15
1, 1, 5, 7, 11, 12, 12, 16
1, 1, 5, 7, 11, 15, 15, 16
1, 1, 5, 7, 13, 13, 16, 21
1, 1, 5, 8, 11, 11, 12, 18
1, 1, 5, 8, 11, 11, 12, 19
1, 1, 5, 8, 15, 16, 23, 23
1, 1, 5, 8, 16, 19, 21, 22
1, 1, 5, 9, 9, 15, 16, 23
1, 1, 5, 9, 19, 21, 22, 23
1, 1, 5, 10, 10, 12, 13, 16
1, 1, 5, 11, 11, 15, 18, 22
1, 1, 5, 11, 12, 16, 18, 18
1, 1, 5, 12, 13, 19, 19, 19
1, 1, 5, 15, 19, 22, 22, 23
1, 1, 6, 6, 7, 11, 12, 16
1, 1, 6, 6, 7, 12, 13, 13
1, 1, 6, 6, 9, 12, 12, 23
1, 1, 6, 6, 10, 12, 15, 18
1, 1, 6, 7, 8, 9, 9, 11
1, 1, 6, 7, 9, 10, 13, 19
1, 1, 6, 7, 12, 12, 16, 16
1, 1, 6, 7, 18, 18, 18, 23
1, 1, 6, 8, 8, 9, 12, 15
1, 1, 6, 8, 9, 12, 18, 19
1, 1, 6, 8, 10, 10, 18, 21
1, 1, 6, 8, 10, 13, 13, 22
1, 1, 6, 8, 11, 11, 12, 19
1, 1, 6, 8, 11, 13, 13, 23
1, 1, 6, 9, 9, 12, 18, 19
1, 1, 6, 10, 11, 12, 23, 23
1, 1, 6, 10, 12, 15, 23, 23
1, 1, 6, 11, 12, 19, 19, 19
1, 1, 6, 13, 16, 22, 23, 23
1, 1, 6, 15, 18, 19, 21, 22
1, 1, 6, 18, 19, 19, 22, 22
1, 1, 6, 18, 19, 21, 21, 21
1, 1, 7, 7, 7, 8, 12, 23
1, 1, 7, 7, 7, 18, 21, 21
1, 1, 7, 7, 10, 11, 12, 13
1, 1, 7, 7, 12, 18, 18, 22
1, 1, 7, 7, 13, 15, 23, 23
1, 1, 7, 8, 8, 12, 16, 18
1, 1, 7, 8, 8, 18, 21, 22
1, 1, 7, 9, 9, 13, 21, 22
1, 1, 7, 9, 9, 18, 21, 22
1, 1, 7, 9, 10, 10, 10, 23
1, 1, 7, 9, 10, 13, 19, 22
1, 1, 7, 9, 10, 19, 23, 23
1, 1, 7, 10, 10, 10, 11, 22
1, 1, 7, 10, 10, 19, 21, 22
1, 1, 7, 12, 12, 13, 18, 19
1, 1, 7, 12, 13, 16, 21, 23
1, 1, 7, 15, 18, 19, 21, 22
1, 1, 8, 8, 8, 12, 12, 18
1, 1, 8, 8, 9, 10, 10, 12
1, 1, 8, 8, 10, 11, 19, 21
1, 1, 8, 8, 11, 12, 12, 23
1, 1, 8, 8, 11, 16, 18, 21
1, 1, 8, 9, 9, 10, 12, 23
1, 1, 8, 9, 11, 12, 16, 18
1, 1, 8, 9, 11, 13, 15, 23
1, 1, 8, 9, 11, 16, 23, 23
1, 1, 8, 9, 11, 18, 19, 21
1, 1, 8, 9, 11, 22, 22, 22
1, 1, 8, 9, 12, 12, 12, 15
1, 1, 8, 9, 13, 18, 19, 23
1, 1, 8, 9, 18, 22, 22, 23
1, 1, 8, 10, 10, 15, 19, 23
1, 1, 8, 10, 12, 19, 21, 21
1, 1, 8, 10, 13, 16, 16, 23
1, 1, 8, 10, 15, 22, 23, 23
1, 1, 8, 10, 16, 16, 19, 23
1, 1, 8, 10, 18, 19, 19, 22
1, 1, 8, 11, 11, 13, 15, 19
1, 1, 8, 11, 16, 19, 21, 23
1, 1, 8, 12, 13, 13, 18, 22
1, 1, 8, 12, 15, 15, 18, 23
1, 1, 8, 13, 13, 15, 16, 21
1, 1, 8, 15, 15, 16, 16, 22
1, 1, 8, 16, 16, 18, 21, 22
1, 1, 9, 9, 9, 11, 16, 19
1, 1, 9, 9, 12, 13, 13, 16
1, 1, 9, 9, 18, 18, 18, 22
1, 1, 9, 10, 10, 12, 19, 19
1, 1, 9, 10, 11, 13, 15, 21
1, 1, 9, 10, 13, 13, 18, 22
1, 1, 9, 11, 15, 15, 16, 16
1, 1, 9, 11, 15, 16, 21, 23
1, 1, 9, 12, 12, 18, 21, 23
1, 1, 9, 12, 15, 16, 18, 22
1, 1, 9, 13, 13, 16, 16, 18
1, 1, 9, 13, 15, 18, 23, 23
1, 1, 9, 16, 16, 19, 19, 22
1, 1, 9, 19, 19, 23, 23, 23
1, 1, 10, 10, 11, 12, 19, 19
1, 1, 10, 10, 16, 19, 19, 22
1, 1, 10, 11, 15, 15, 19, 23
1, 1, 10, 12, 12, 18, 18, 23
1, 1, 10, 21, 21, 21, 22, 22
1, 1, 11, 12, 15, 15, 16, 21
1, 1, 11, 13, 15, 18, 18, 22
1, 1, 11, 13, 16, 21, 21, 22
1, 1, 11, 15, 16, 16, 18, 22
1, 1, 11, 18, 18, 18, 19, 21
1, 1, 11, 18, 19, 21, 21, 23
1, 1, 12, 12, 12, 13, 21, 22
1, 1, 12, 12, 12, 19, 21, 21
1, 1, 13, 15, 15, 15, 22, 23
1, 1, 15, 15, 18, 19, 21, 21
1, 1, 15, 15, 21, 21, 23, 23
1, 1, 21, 21, 21, 21, 23, 23
1, 2, 2, 2, 2, 2, 5, 9
1, 2, 2, 2, 2, 4, 9, 9
1, 2, 2, 2, 2, 4, 21, 21
1, 2, 2, 2, 2, 6, 6, 21
1, 2, 2, 2, 3, 6, 7, 23
1, 2, 2, 2, 3, 8, 11, 18
1, 2, 2, 2, 4, 8, 9, 18
1, 2, 2, 2, 4, 9, 10, 22
1, 2, 2, 2, 4, 9, 12, 19
1, 2, 2, 2, 6, 6, 10, 15
1, 2, 2, 2, 8, 8, 12, 15
1, 2, 2, 2, 9, 13, 13, 21
1, 2, 2, 2, 9, 21, 23, 23
1, 2, 2, 2, 10, 13, 21, 23
1, 2, 2, 2, 11, 18, 18, 22
1, 2, 2, 2, 15, 18, 18, 18
1, 2, 2, 3, 7, 8, 9, 15
1, 2, 2, 3, 7, 8, 12, 15
1, 2, 2, 3, 7, 8, 21, 23
1, 2, 2, 3, 7, 19, 19, 23
1, 2, 2, 3, 8, 10, 23, 23
1, 2, 2, 3, 12, 12, 18, 21
1, 2, 2, 4, 5, 7, 9, 21
1, 2, 2, 4, 5, 7, 10, 23
1, 2, 2, 4, 8, 10, 23, 23
1, 2, 2, 4, 10, 13, 15, 15
1, 2, 2, 5, 5, 6, 8, 21
1, 2, 2, 5, 6, 6, 7, 10
1, 2, 2, 5, 6, 8, 13, 21
1, 2, 2, 5, 6, 15, 18, 19
1, 2, 2, 5, 7, 7, 13, 23
1, 2, 2, 5, 8, 10, 16, 22
1, 2, 2, 5, 13, 13, 21, 23
1, 2, 2, 5, 13, 18, 19, 19
1, 2, 2, 6, 9, 10, 12, 13
1, 2, 2, 6, 9, 10, 16, 18
1, 2, 2, 6, 10, 12, 22, 22
1, 2, 2, 7, 8, 8, 12, 13
1, 2, 2, 7, 8, 10, 16, 22
1, 2, 2, 7, 8, 12, 21, 22
1, 2, 2, 7, 8, 16, 19, 23
1, 2, 2, 7, 10, 10, 23, 23
1, 2, 2, 7, 11, 12, 12, 18
1, 2, 2, 7, 11, 12, 12, 19
1, 2, 2, 8, 8, 9, 11, 18
1, 2, 2, 8, 9, 9, 11, 21
1, 2, 2, 8, 10, 10, 10, 21
1, 2, 2, 8, 10, 13, 16, 23
1, 2, 2, 8, 10, 16, 19, 19
1, 2, 2, 8, 11, 12, 12, 22
1, 2, 2, 8, 12, 12, 16, 19
1, 2, 2, 8, 15, 18, 22, 23
1, 2, 2, 9, 9, 9, 19, 21
1, 2, 2, 9, 11, 12, 22, 22
1, 2, 2, 9, 12, 16, 18, 22
1, 2, 2, 10, 12, 12, 13, 16
1, 2, 2, 10, 12, 12, 16, 23
1, 2, 2, 10, 15, 16, 21, 21
1, 2, 2, 10, 18, 19, 23, 23
1, 2, 2, 11, 12, 12, 18, 19
1, 2, 2, 11, 12, 15, 19, 22
1, 2, 2, 11, 18, 19, 19, 21
1, 2, 2, 11, 18, 21, 21, 23
1, 2, 2, 12, 13, 13, 13, 22
1, 2, 2, 13, 13, 15, 21, 21
1, 2, 2, 13, 13, 15, 22, 23
1, 2, 3, 3, 5, 8, 9, 23
1, 2, 3, 3, 9, 9, 9, 22
1, 2, 3, 4, 4, 4, 9, 12
1, 2, 3, 6, 6, 8, 12, 16
1, 2, 3, 6, 6, 18, 22, 23
1, 2, 3, 6, 13, 16, 22, 22
1, 2, 3, 7, 7, 10, 10, 22
1, 2, 3, 7, 7, 13, 15, 15
1, 2, 3, 8, 8, 10, 11, 15
1, 2, 3, 8, 8, 10, 16, 22
1, 2, 3, 8, 8, 13, 13, 21
1, 2, 3, 8, 9, 9, 10, 23
1, 2, 3, 8, 9, 12, 16, 21
1, 2, 3, 8, 16, 19, 23, 23
1, 2, 3, 10, 10, 12, 12, 22
1, 2, 3, 10, 10, 19, 22, 22
1, 2, 3, 10, 12, 16, 18, 19
1, 2, 3, 10, 21, 21, 23, 23
1, 2, 3, 12, 13, 15, 19, 19
1, 2, 3, 13, 19, 22, 23, 23
1, 2, 3, 16, 18, 18, 18, 18
1, 2, 4, 4, 7, 7, 10, 22
1, 2, 4, 4, 7, 8, 9, 12
1, 2, 4, 4, 8, 10, 15, 15
1, 2, 4, 4, 12, 12, 15, 15
1, 2, 4, 5, 7, 10, 12, 19
1, 2, 4, 5, 8, 8, 12, 21
1, 2, 4, 5, 8, 9, 10, 13
1, 2, 4, 5, 8, 10, 10, 23
1, 2, 4, 5, 8, 18, 21, 21
1, 2, 4, 6, 12, 15, 19, 23
1, 2, 4, 7, 13, 15, 21, 22
1, 2, 4, 8, 11, 18, 22, 23
1, 2, 4, 8, 22, 23, 23, 23
1, 2, 4, 9, 9, 18, 19, 22
1, 2, 4, 9, 15, 21, 23, 23
1, 2, 4, 10, 13, 15, 18, 21
1, 2, 4, 13, 13, 19, 22, 23
1, 2, 5, 5, 5, 7, 7, 18
1, 2, 5, 5, 5, 12, 15, 18
1, 2, 5, 5, 6, 7, 7, 10
1, 2, 5, 5, 7, 16, 18, 21
1, 2, 5, 5, 8, 9, 12, 18
1, 2, 5, 5, 8, 10, 19, 21
1, 2, 5, 5, 9, 13, 18, 18
1, 2, 5, 5, 9, 13, 21, 22
1, 2, 5, 5, 12, 15, 19, 23
1, 2, 5, 6, 7, 12, 16, 16
1, 2, 5, 6, 8, 12, 21, 23
1, 2, 5, 6, 16, 19, 21, 21
1, 2, 5, 6, 18, 18, 21, 22
1, 2, 5, 7, 10, 11, 12, 15
1, 2, 5, 7, 10, 13, 19, 21
1, 2, 5, 8, 8, 16, 19, 23
1, 2, 5, 8, 9, 12, 15, 23
1, 2, 5, 8, 11, 12, 15, 18
1, 2, 5, 8, 11, 13, 18, 18
1, 2, 5, 8, 13, 16, 22, 23
1, 2, 5, 8, 13, 18, 18, 23
1, 2, 5, 9, 9, 12, 12, 23
1, 2, 5, 9, 10, 10, 22, 23
1, 2, 5, 9, 10, 11, 21, 22
1, 2, 5, 9, 10, 16, 18, 22
1, 2, 5, 9, 10, 19, 22, 23
1, 2, 5, 9, 12, 12, 21, 21
1, 2, 5, 9, 15, 23, 23, 23
1, 2, 5, 11, 12, 18, 18, 23
1, 2, 5, 11, 16, 22, 22, 22
1, 2, 5, 13, 13, 13, 22, 22
1, 2, 5, 13, 13, 15, 19, 23
1, 2, 5, 18, 18, 18, 22, 23
1, 2, 6, 6, 8, 12, 13, 19
1, 2, 6, 6, 8, 15, 16, 22
1, 2, 6, 6, 9, 9, 15, 19
1, 2, 6, 6, 9, 19, 21, 21
1, 2, 6, 6, 10, 12, 12, 12
1, 2, 6, 6, 12, 13, 15, 16
1, 2, 6, 6, 18, 19, 22, 23
1, 2, 6, 7, 8, 19, 23, 23
1, 2, 6, 8, 8, 8, 8, 16
1, 2, 6, 8, 8, 11, 18, 21
1, 2, 6, 8, 9, 9, 13, 15
1, 2, 6, 8, 11, 16, 21, 22
1, 2, 6, 8, 11, 16, 22, 22
1, 2, 6, 9, 9, 9, 9, 12
1, 2, 6, 9, 10, 16, 21, 22
1, 2, 6, 9, 11, 13, 15, 22
1, 2, 6, 9, 12, 13, 15, 18
1, 2, 6, 9, 12, 19, 19, 23
1, 2, 6, 9, 13, 15, 16, 23
1, 2, 6, 9, 13, 18, 19, 19
1, 2, 6, 10, 12, 12, 13, 16
1, 2, 6, 11, 12, 12, 18, 23
1, 2, 6, 12, 19, 23, 23, 23
1, 2, 7, 7, 7, 9, 9, 10
1, 2, 7, 7, 7, 22, 22, 23
1, 2, 7, 7, 9, 11, 21, 22
1, 2, 7, 7, 10, 21, 22, 23
1, 2, 7, 7, 12, 12, 16, 19
1, 2, 7, 7, 19, 21, 21, 22
1, 2, 7, 8, 8, 12, 12, 12
1, 2, 7, 8, 9, 15, 21, 22
1, 2, 7, 8, 13, 16, 21, 21
1, 2, 7, 8, 13, 19, 19, 23
1, 2, 7, 8, 16, 19, 22, 22
1, 2, 7, 9, 9, 9, 23, 23
1, 2, 7, 9, 9, 18, 21, 21
1, 2, 7, 9, 11, 12, 22, 23
1, 2, 7, 9, 11, 13, 16, 21
1, 2, 7, 9, 12, 12, 15, 22
1, 2, 7, 9, 15, 18, 23, 23
1, 2, 7, 11, 11, 12, 12, 15
1, 2, 7, 11, 13, 16, 18, 21
1, 2, 7, 12, 12, 15, 18, 21
1, 2, 7, 12, 15, 16, 21, 22
1, 2, 7, 15, 15, 15, 19, 22
1, 2, 7, 21, 22, 22, 23, 23
1, 2, 8, 8, 8, 10, 13, 21
1, 2, 8, 8, 10, 12, 16, 19
1, 2, 8, 8, 11, 16, 16, 21
1, 2, 8, 8, 11, 19, 21, 21
1, 2, 8, 8, 12, 12, 12, 19
1, 2, 8, 8, 12, 13, 18, 22
1, 2, 8, 8, 13, 13, 13, 15
1, 2, 8, 9, 9, 9, 19, 23
1, 2, 8, 9, 9, 12, 12, 15
1, 2, 8, 9, 10, 10, 12, 13
1, 2, 8, 9, 10, 15, 18, 23
1, 2, 8, 9, 12, 16, 23, 23
1, 2, 8, 9, 16, 16, 18, 23
1, 2, 8, 9, 16, 18, 19, 23
1, 2, 8, 10, 10, 10, 19, 22
1, 2, 8, 10, 11, 15, 16, 22
1, 2, 8, 10, 12, 12, 19, 23
1, 2, 8, 11, 12, 12, 16, 21
1, 2, 8, 12, 13, 21, 23, 23
1, 2, 8, 13, 13, 19, 19, 19
1, 2, 8, 15, 15, 15, 16, 23
1, 2, 8, 15, 21, 21, 22, 22
1, 2, 9, 9, 9, 10, 13, 22
1, 2, 9, 9, 11, 12, 16, 18
1, 2, 9, 10, 11, 12, 18, 22
1, 2, 9, 10, 12, 13, 18, 23
1, 2, 9, 10, 12, 22, 22, 22
1, 2, 9, 11, 12, 16, 22, 23
1, 2, 9, 12, 12, 18, 19, 19
1, 2, 9, 12, 13, 16, 16, 21
1, 2, 9, 12, 15, 15, 22, 22
1, 2, 9, 12, 21, 21, 21, 22
1, 2, 9, 21, 22, 22, 23, 23
1, 2, 10, 10, 12, 13, 19, 19
1, 2, 10, 12, 13, 23, 23, 23
1, 2, 10, 18, 19, 19, 23, 23
1, 2, 11, 12, 13, 16, 18, 22
1, 2, 11, 13, 18, 22, 22, 22
1, 2, 12, 12, 13, 13, 15, 15
1, 2, 12, 12, 13, 15, 16, 21
1, 2, 12, 13, 15, 16, 19, 19
1, 2, 12, 15, 18, 21, 21, 22
1, 2, 12, 15, 19, 19, 23, 23
1, 2, 12, 16, 18, 18, 18, 18
1, 2, 12, 16, 19, 19, 22, 22
1, 2, 13, 13, 13, 13, 15, 21
1, 2, 13, 15, 18, 19, 21, 21
1, 2, 13, 16, 21, 21, 21, 21
1, 2, 13, 18, 18, 22, 22, 22
1, 2, 15, 15, 15, 19, 21, 23
1, 2, 15, 16, 19, 19, 21, 21
1, 2, 16, 21, 21, 21, 22, 22
1, 3, 3, 3, 3, 7, 12, 13
1, 3, 3, 3, 4, 7, 12, 21
1, 3, 3, 4, 9, 15, 18, 23
1, 3, 3, 4, 10, 18, 18, 22
1, 3, 3, 5, 9, 13, 22, 23
1, 3, 3, 7, 7, 7, 10, 21
1, 3, 3, 7, 7, 11, 15, 22
1, 3, 3, 7, 10, 10, 12, 13
1, 3, 3, 8, 8, 9, 12, 19
1, 3, 3, 8, 9, 13, 15, 21
1, 3, 3, 9, 10, 13, 19, 21
1, 3, 3, 12, 19, 19, 19, 22
1, 3, 4, 4, 4, 13, 18, 18
1, 3, 4, 4, 8, 8, 9, 12
1, 3, 4, 4, 9, 13, 15, 22
1, 3, 4, 5, 6, 15, 15, 19
1, 3, 4, 5, 8, 15, 21, 21
1, 3, 4, 5, 9, 19, 21, 22
1, 3, 4, 6, 8, 11, 18, 22
1, 3, 4, 7, 7, 7, 8, 15
1, 3, 4, 7, 11, 21, 22, 23
1, 3, 4, 9, 9, 9, 9, 10
1, 3, 4, 12, 16, 19, 21, 21
1, 3, 5, 5, 5, 7, 9, 23
1, 3, 5, 5, 6, 12, 19, 22
1, 3, 5, 5, 8, 8, 9, 16
1, 3, 5, 6, 6, 10, 18, 22
1, 3, 5, 6, 6, 12, 18, 19
1, 3, 5, 6, 7, 7, 16, 19
1, 3, 5, 6, 10, 12, 13, 18
1, 3, 5, 7, 9, 21, 22, 23
1, 3, 5, 7, 11, 15, 18, 22
1, 3, 5, 8, 15, 15, 19, 19
1, 3, 5, 9, 9, 18, 19, 22
1, 3, 5, 9, 12, 16, 16, 22
1, 3, 5, 10, 12, 15, 15, 18
1, 3, 5, 18, 18, 21, 21, 23
1, 3, 6, 6, 7, 7, 10, 19
1, 3, 6, 6, 7, 9, 15, 18
1, 3, 6, 6, 7, 18, 21, 23
1, 3, 6, 6, 8, 10, 21, 22
1, 3, 6, 7, 7, 7, 9, 23
1, 3, 6, 8, 8, 8, 11, 16
1, 3, 6, 8, 9, 9, 16, 22
1, 3, 6, 8, 9, 11, 15, 21
1, 3, 6, 8, 9, 12, 15, 15
1, 3, 6, 8, 12, 12, 15, 23
1, 3, 6, 8, 13, 13, 19, 23
1, 3, 6, 9, 10, 15, 19, 19
1, 3, 6, 12, 12, 15, 22, 23
1, 3, 6, 13, 19, 22, 23, 23
1, 3, 7, 7, 8, 9, 18, 21
1, 3, 7, 7, 9, 10, 15, 23
1, 3, 7, 7, 19, 21, 22, 22
1, 3, 7, 8, 9, 19, 21, 22
1, 3, 7, 9, 12, 13, 19, 21
1, 3, 7, 11, 12, 13, 18, 18
1, 3, 7, 12, 12, 13, 18, 22
1, 3, 7, 12, 12, 15, 16, 23
1, 3, 7, 13, 13, 15, 15, 15
1, 3, 7, 15, 16, 21, 23, 23
1, 3, 7, 15, 18, 22, 22, 22
1, 3, 8, 9, 10, 15, 15, 22
1, 3, 8, 10, 10, 16, 22, 22
1, 3, 8, 10, 13, 15, 15, 19
1, 3, 8, 11, 15, 15, 22, 23
1, 3, 8, 12, 12, 16, 22, 22
1, 3, 9, 9, 9, 9, 9, 15
1, 3, 9, 9, 10, 10, 12, 19
1, 3, 9, 9, 13, 13, 18, 22
1, 3, 9, 9, 16, 19, 21, 23
1, 3, 9, 12, 12, 15, 18, 18
1, 3, 9, 12, 13, 16, 21, 21
1, 3, 9, 12, 16, 21, 21, 21
1, 3, 10, 10, 11, 12, 21, 22
1, 3, 10, 10, 11, 15, 15, 15
1, 3, 10, 10, 12, 12, 15, 22
1, 3, 11, 11, 12, 15, 21, 22
1, 3, 12, 13, 13, 19, 23, 23
1, 3, 12, 16, 16, 21, 21, 22
1, 3, 12, 16, 18, 18, 21, 22
1, 4, 4, 4, 9, 9, 15, 22
1, 4, 4, 5, 8, 8, 15, 23
1, 4, 4, 5, 12, 16, 22, 22
1, 4, 4, 6, 7, 18, 21, 21
1, 4, 4, 8, 9, 18, 18, 19
1, 4, 4, 8, 10, 15, 22, 23
1, 4, 4, 8, 15, 15, 19, 22
1, 4, 4, 8, 21, 22, 22, 22
1, 4, 5, 5, 7, 8, 9, 23
1, 4, 5, 5, 15, 15, 16, 21
1, 4, 5, 7, 7, 7, 15, 18
1, 4, 5, 7, 7, 13, 13, 16
1, 4, 5, 7, 8, 9, 12, 13
1, 4, 5, 7, 8, 21, 21, 21
1, 4, 5, 7, 11, 18, 21, 22
1, 4, 5, 8, 8, 15, 19, 23
1, 4, 5, 8, 9, 10, 15, 19
1, 4, 5, 8, 16, 16, 18, 18
1, 4, 5, 9, 9, 12, 18, 21
1, 4, 5, 9, 11, 12, 22, 22
1, 4, 5, 10, 10, 10, 18, 18
1, 4, 5, 12, 13, 19, 23, 23
1, 4, 5, 13, 16, 18, 21, 21
1, 4, 5, 15, 15, 21, 22, 23
1, 4, 6, 6, 6, 6, 7, 22
1, 4, 6, 6, 6, 7, 12, 12
1, 4, 6, 6, 7, 8, 12, 12
1, 4, 6, 6, 7, 10, 18, 23
1, 4, 6, 6, 9, 18, 18, 22
1, 4, 6, 7, 7, 8, 8, 9
1, 4, 6, 7, 8, 9, 9, 9
1, 4, 6, 7, 9, 19, 19, 23
1, 4, 6, 7, 15, 15, 15, 16
1, 4, 6, 8, 8, 9, 12, 21
1, 4, 6, 9, 10, 10, 22, 23
1, 4, 6, 9, 13, 18, 22, 23
1, 4, 6, 9, 15, 18, 18, 19
1, 4, 6, 12, 13, 19, 23, 23
1, 4, 7, 7, 7, 8, 13, 21
1, 4, 7, 7, 8, 21, 21, 21
1, 4, 7, 7, 9, 11, 13, 13
1, 4, 7, 8, 10, 21, 21, 21
1, 4, 7, 8, 18, 18, 18, 21
1, 4, 7, 10, 10, 12, 12, 22
1, 4, 7, 10, 11, 12, 12, 12
1, 4, 7, 13, 16, 18, 19, 23
1, 4, 7, 16, 18, 19, 19, 21
1, 4, 8, 8, 9, 10, 22, 22
1, 4, 8, 8, 9, 12, 13, 16
1, 4, 8, 8, 9, 13, 21, 23
1, 4, 8, 8, 10, 16, 22, 22
1, 4, 8, 8, 11, 11, 12, 21
1, 4, 8, 8, 11, 11, 22, 23
1, 4, 8, 8, 12, 13, 16, 22
1, 4, 8, 8, 16, 16, 19, 21
1, 4, 8, 8, 18, 19, 19, 21
1, 4, 8, 9, 9, 18, 19, 23
1, 4, 8, 9, 9, 19, 21, 22
1, 4, 8, 9, 18, 18, 22, 22
1, 4, 8, 10, 10, 12, 18, 22
1, 4, 8, 12, 12, 13, 22, 22
1, 4, 9, 9, 9, 9, 13, 22
1, 4, 9, 9, 11, 18, 18, 22
1, 4, 9, 9, 11, 21, 22, 23
1, 4, 9, 9, 12, 19, 21, 21
1, 4, 9, 11, 12, 19, 21, 21
1, 4, 9, 12, 12, 15, 19, 23
1, 4, 9, 12, 19, 19, 19, 22
1, 4, 10, 11, 12, 13, 15, 18
1, 4, 10, 12, 19, 22, 22, 23
1, 4, 10, 13, 13, 13, 15, 15
1, 4, 10, 18, 18, 21, 23, 23
1, 4, 12, 13, 22, 22, 22, 23
1, 4, 12, 15, 15, 16, 18, 23
1, 4, 13, 15, 16, 18, 19, 22
1, 4, 15, 15, 18, 19, 19, 23
1, 5, 5, 5, 5, 8, 8, 12
1, 5, 5, 5, 7, 9, 10, 13
1, 5, 5, 5, 7, 13, 16, 22
1, 5, 5, 5, 7, 13, 18, 23
1, 5, 5, 5, 15, 16, 21, 21
1, 5, 5, 5, 18, 21, 21, 23
1, 5, 5, 6, 6, 8, 13, 15
1, 5, 5, 7, 8, 10, 11, 18
1, 5, 5, 7, 8, 19, 21, 21
1, 5, 5, 8, 8, 8, 10, 18
1, 5, 5, 8, 8, 12, 16, 16
1, 5, 5, 8, 9, 16, 21, 23
1, 5, 5, 8, 13, 15, 16, 22
1, 5, 5, 9, 9, 15, 15, 22
1, 5, 5, 9, 9, 15, 16, 23
1, 5, 5, 9, 10, 10, 12, 21
1, 5, 5, 12, 13, 15, 15, 16
1, 5, 5, 18, 18, 19, 23, 23
1, 5, 5, 18, 19, 19, 23, 23
1, 5, 6, 7, 7, 18, 18, 22
1, 5, 6, 7, 9, 11, 13, 22
1, 5, 6, 8, 8, 9, 15, 15
1, 5, 6, 8, 9, 11, 18, 22
1, 5, 6, 8, 10, 19, 19, 19
1, 5, 6, 8, 12, 19, 21, 22
1, 5, 6, 8, 19, 22, 23, 23
1, 5, 6, 9, 11, 21, 22, 22
1, 5, 6, 9, 12, 18, 19, 19
1, 5, 6, 9, 18, 19, 19, 22
1, 5, 6, 10, 15, 18, 18, 19
1, 5, 6, 11, 15, 19, 21, 22
1, 5, 6, 13, 18, 18, 19, 19
1, 5, 6, 15, 16, 16, 18, 22
1, 5, 7, 7, 7, 9, 11, 21
1, 5, 7, 7, 7, 10, 12, 15
1, 5, 7, 7, 7, 18, 19, 22
1, 5, 7, 8, 9, 9, 9, 18
1, 5, 7, 8, 9, 16, 18, 23
1, 5, 7, 8, 10, 18, 23, 23
1, 5, 7, 8, 12, 13, 23, 23
1, 5, 7, 8, 12, 16, 16, 16
1, 5, 7, 8, 12, 23, 23, 23
1, 5, 7, 9, 9, 11, 16, 18
1, 5, 7, 9, 10, 10, 19, 22
1, 5, 7, 9, 10, 12, 13, 23
1, 5, 7, 10, 10, 12, 22, 23
1, 5, 7, 10, 11, 13, 15, 18
1, 5, 7, 10, 15, 19, 22, 23
1, 5, 7, 10, 16, 22, 22, 22
1, 5, 7, 11, 12, 12, 18, 21
1, 5, 7, 12, 13, 13, 15, 19
1, 5, 7, 15, 19, 19, 21, 21
1, 5, 8, 8, 8, 8, 19, 22
1, 5, 8, 8, 12, 12, 12, 19
1, 5, 8, 8, 12, 13, 21, 23
1, 5, 8, 9, 11, 12, 19, 23
1, 5, 8, 10, 10, 10, 21, 22
1, 5, 8, 10, 10, 12, 12, 18
1, 5, 8, 11, 12, 12, 15, 19
1, 5, 8, 11, 12, 13, 13, 21
1, 5, 8, 15, 15, 21, 21, 23
1, 5, 9, 9, 9, 9, 19, 19
1, 5, 9, 9, 9, 10, 10, 18
1, 5, 9, 9, 9, 11, 18, 22
1, 5, 9, 9, 12, 12, 18, 23
1, 5, 9, 9, 16, 22, 22, 22
1, 5, 9, 10, 11, 15, 22, 23
1, 5, 9, 10, 11, 21, 21, 23
1, 5, 9, 12, 12, 16, 16, 21
1, 5, 9, 16, 19, 19, 21, 22
1, 5, 10, 10, 15, 15, 15, 23
1, 5, 10, 12, 12, 12, 13, 21
1, 5, 10, 12, 13, 15, 19, 21
1, 5, 10, 13, 19, 19, 21, 23
1, 5, 11, 12, 13, 15, 18, 23
1, 5, 11, 12, 13, 15, 19, 21
1, 5, 11, 12, 15, 16, 22, 23
1, 5, 11, 12, 18, 18, 22, 22
1, 5, 11, 13, 15, 18, 18, 21
1, 5, 11, 16, 18, 22, 22, 23
1, 5, 11, 19, 19, 19, 21, 22
1, 5, 12, 12, 18, 22, 23, 23
1, 5, 12, 12, 21, 21, 22, 22
1, 5, 12, 13, 13, 19, 23, 23
1, 5, 12, 13, 15, 19, 22, 22
1, 5, 12, 15, 23, 23, 23, 23
1, 5, 13, 13, 19, 19, 21, 23
1, 5, 13, 13, 21, 22, 23, 23
1, 5, 13, 15, 15, 15, 15, 22
1, 5, 15, 15, 16, 21, 22, 23
1, 5, 15, 15, 18, 21, 21, 22
1, 5, 18, 19, 22, 22, 23, 23
1, 6, 6, 6, 7, 12, 12, 15
1, 6, 6, 6, 8, 8, 8, 15
1, 6, 6, 6, 11, 21, 22, 22
1, 6, 6, 7, 8, 13, 15, 19
1, 6, 6, 7, 8, 16, 19, 19
1, 6, 6, 7, 9, 11, 15, 22
1, 6, 6, 7, 12, 15, 22, 22
1, 6, 6, 8, 8, 8, 8, 12
1, 6, 6, 8, 9, 10, 12, 22
1, 6, 6, 8, 10, 12, 19, 19
1, 6, 6, 9, 9, 10, 12, 12
1, 6, 6, 11, 13, 18, 21, 21
1, 6, 6, 11, 15, 19, 21, 22
1, 6, 6, 12, 12, 18, 22, 23
1, 6, 6, 13, 15, 19, 19, 22
1, 6, 6, 15, 15, 15, 19, 23
1, 6, 6, 15, 15, 18, 21, 22
1, 6, 6, 18, 18, 18, 18, 19
1, 6, 7, 7, 8, 8, 9, 10
1, 6, 7, 7, 9, 15, 15, 19
1, 6, 7, 7, 11, 13, 18, 19
1, 6, 7, 7, 12, 13, 18, 19
1, 6, 7, 7, 12, 18, 18, 19
1, 6, 7, 8, 8, 8, 18, 18
1, 6, 7, 8, 8, 11, 16, 16
1, 6, 7, 8, 8, 13, 18, 22
1, 6, 7, 8, 8, 21, 22, 22
1, 6, 7, 8, 9, 10, 12, 12
1, 6, 7, 8, 12, 15, 22, 22
1, 6, 7, 8, 22, 22, 23, 23
1, 6, 7, 9, 12, 18, 18, 21
1, 6, 7, 10, 11, 13, 15, 18
1, 6, 7, 13, 18, 18, 18, 22
1, 6, 7, 18, 18, 18, 19, 19
1, 6, 8, 8, 8, 8, 11, 12
1, 6, 8, 8, 8, 15, 18, 19
1, 6, 8, 8, 13, 13, 15, 22
1, 6, 8, 9, 9, 9, 10, 11
1, 6, 8, 9, 10, 10, 16, 19
1, 6, 8, 9, 11, 16, 18, 23
1, 6, 8, 9, 15, 15, 16, 19
1, 6, 8, 9, 19, 19, 19, 23
1, 6, 8, 10, 10, 10, 13, 21
1, 6, 8, 10, 10, 10, 16, 22
1, 6, 8, 10, 10, 13, 18, 22
1, 6, 8, 10, 18, 21, 22, 22
1, 6, 8, 10, 22, 22, 22, 23
1, 6, 8, 13, 16, 16, 19, 22
1, 6, 9, 9, 9, 16, 23, 23
1, 6, 9, 9, 10, 11, 22, 22
1, 6, 9, 9, 13, 13, 18, 23
1, 6, 9, 10, 12, 15, 16, 23
1, 6, 9, 10, 12, 19, 19, 23
1, 6, 9, 11, 12, 12, 22, 23
1, 6, 9, 11, 12, 18, 19, 21
1, 6, 9, 11, 13, 15, 21, 21
1, 6, 9, 12, 15, 16, 18, 22
1, 6, 9, 13, 22, 23, 23, 23
1, 6, 9, 16, 16, 18, 18, 18
1, 6, 9, 16, 19, 21, 23, 23
1, 6, 10, 10, 13, 18, 22, 22
1, 6, 10, 21, 21, 21, 21, 22
1, 6, 11, 11, 12, 12, 12, 12
1, 6, 11, 12, 12, 12, 16, 22
1, 6, 11, 15, 15, 19, 22, 22
1, 6, 11, 15, 21, 22, 22, 22
1, 6, 12, 12, 12, 16, 23, 23
1, 6, 12, 13, 18, 18, 18, 22
1, 6, 12, 15, 15, 21, 21, 23
1, 6, 13, 13, 13, 15, 18, 19
1, 6, 13, 13, 15, 15, 19, 22
1, 6, 13, 15, 18, 21, 21, 22
1, 6, 13, 19, 22, 22, 22, 23
1, 6, 15, 16, 21, 21, 22, 23
1, 6, 15, 18, 18, 21, 22, 23
1, 6, 16, 16, 21, 22, 22, 23
1, 6, 18, 18, 19, 22, 23, 23
1, 7, 7, 7, 8, 8, 9, 9
1, 7, 7, 7, 8, 8, 9, 21
1, 7, 7, 7, 9, 9, 16, 21
1, 7, 7, 8, 10, 15, 15, 22
1, 7, 7, 8, 12, 19, 19, 19
1, 7, 7, 8, 13, 15, 16, 22
1, 7, 7, 9, 10, 11, 15, 21
1, 7, 7, 9, 11, 16, 19, 23
1, 7, 7, 9, 18, 19, 19, 22
1, 7, 7, 10, 10, 10, 11, 18
1, 7, 7, 10, 12, 19, 19, 23
1, 7, 7, 19, 19, 22, 22, 22
1, 7, 7, 19, 19, 23, 23, 23
1, 7, 8, 8, 9, 9, 10, 15
1, 7, 8, 8, 9, 10, 10, 10
1, 7, 8, 8, 9, 11, 11, 19
1, 7, 8, 8, 11, 15, 16, 22
1, 7, 8, 8, 11, 16, 19, 22
1, 7, 8, 8, 12, 12, 12, 16
1, 7, 8, 8, 13, 15, 16, 19
1, 7, 8, 8, 15, 16, 16, 18
1, 7, 8, 8, 15, 16, 22, 23
1, 7, 8, 9, 9, 13, 19, 22
1, 7, 8, 9, 10, 11, 15, 19
1, 7, 8, 9, 12, 12, 16, 18
1, 7, 8, 9, 19, 22, 22, 23
1, 7, 8, 10, 11, 12, 12, 13
1, 7, 8, 10, 11, 18, 18, 19
1, 7, 8, 10, 12, 13, 13, 15
1, 7, 8, 10, 13, 16, 21, 23
1, 7, 8, 11, 13, 18, 18, 18
1, 7, 8, 11, 16, 19, 19, 23
1, 7, 8, 11, 16, 23, 23, 23
1, 7, 8, 11, 19, 22, 23, 23
1, 7, 8, 12, 12, 15, 18, 18
1, 7, 8, 12, 12, 15, 18, 19
1, 7, 8, 16, 21, 21, 22, 22
1, 7, 9, 9, 9, 15, 21, 21
1, 7, 9, 9, 10, 10, 13, 21
1, 7, 9, 9, 10, 10, 15, 19
1, 7, 9, 10, 11, 16, 19, 22
1, 7, 9, 10, 12, 13, 21, 22
1, 7, 9, 11, 12, 18, 22, 22
1, 7, 9, 11, 21, 21, 21, 21
1, 7, 9, 12, 16, 19, 19, 21
1, 7, 9, 12, 18, 21, 21, 23
1, 7, 9, 13, 13, 15, 22, 23
1, 7, 9, 16, 19, 22, 22, 23
1, 7, 10, 10, 10, 22, 23, 23
1, 7, 10, 10, 12, 15, 18, 18
1, 7, 10, 10, 12, 21, 22, 23
1, 7, 10, 10, 18, 18, 21, 23
1, 7, 10, 13, 16, 19, 22, 23
1, 7, 11, 12, 12, 19, 19, 23
1, 7, 11, 13, 13, 18, 19, 22
1, 7, 11, 15, 18, 22, 23, 23
1, 7, 11, 16, 19, 19, 22, 23
1, 7, 12, 12, 15, 21, 22, 23
1, 7, 12, 12, 16, 23, 23, 23
1, 7, 12, 13, 16, 16, 21, 21
1, 7, 12, 16, 16, 16, 18, 23
1, 7, 13, 16, 18, 18, 21, 23
1, 7, 13, 16, 23, 23, 23, 23
1, 7, 15, 15, 16, 16, 16, 22
1, 8, 8, 8, 9, 12, 12, 18
1, 8, 8, 8, 9, 15, 15, 15
1, 8, 8, 8, 11, 16, 19, 19
1, 8, 8, 9, 10, 12, 13, 19
1, 8, 8, 9, 11, 12, 22, 22
1, 8, 8, 10, 10, 11, 12, 16
1, 8, 8, 10, 10, 19, 19, 23
1, 8, 8, 10, 12, 21, 23, 23
1, 8, 8, 10, 13, 16, 18, 19
1, 8, 8, 10, 13, 18, 19, 19
1, 8, 8, 11, 12, 15, 15, 23
1, 8, 8, 12, 13, 13, 15, 21
1, 8, 8, 12, 16, 18, 21, 23
1, 8, 9, 9, 9, 10, 13, 23
1, 8, 9, 9, 10, 10, 12, 23
1, 8, 9, 9, 11, 13, 13, 21
1, 8, 9, 9, 12, 16, 22, 23
1, 8, 9, 9, 12, 18, 21, 21
1, 8, 9, 9, 16, 19, 19, 21
1, 8, 9, 10, 12, 16, 18, 23
1, 8, 9, 10, 13, 13, 15, 18
1, 8, 9, 11, 16, 16, 21, 21
1, 8, 9, 11, 16, 18, 18, 23
1, 8, 9, 12, 12, 21, 23, 23
1, 8, 9, 21, 22, 22, 22, 23
1, 8, 10, 10, 11, 12, 18, 18
1, 8, 10, 10, 11, 18, 18, 19
1, 8, 10, 10, 11, 19, 19, 21
1, 8, 10, 10, 11, 19, 22, 23
1, 8, 10, 10, 12, 18, 18, 21
1, 8, 10, 10, 16, 16, 21, 22
1, 8, 10, 10, 16, 22, 22, 23
1, 8, 10, 11, 13, 13, 15, 15
1, 8, 10, 12, 12, 18, 18, 19
1, 8, 10, 13, 15, 15, 15, 21
1, 8, 10, 13, 18, 19, 22, 22
1, 8, 10, 16, 16, 18, 19, 22
1, 8, 11, 11, 21, 21, 23, 23
1, 8, 11, 12, 12, 12, 13, 23
1, 8, 11, 12, 12, 16, 21, 21
1, 8, 12, 12, 15, 22, 22, 23
1, 8, 12, 12, 21, 21, 21, 22
1, 8, 12, 13, 18, 21, 21, 22
1, 8, 12, 18, 18, 19, 19, 23
1, 8, 13, 15, 15, 16, 18, 22
1, 8, 15, 16, 18, 18, 21, 22
1, 8, 16, 16, 18, 19, 23, 23
1, 8, 16, 19, 22, 22, 22, 23
1, 8, 18, 18, 18, 18, 21, 21
1, 8, 18, 19, 21, 22, 22, 22
1, 9, 9, 9, 9, 10, 13, 21
1, 9, 9, 9, 10, 10, 22, 22
1, 9, 9, 9, 13, 19, 19, 19
1, 9, 9, 10, 10, 13, 16, 22
1, 9, 9, 10, 10, 13, 18, 18
1, 9, 9, 10, 10, 16, 18, 18
1, 9, 9, 10, 10, 16, 18, 19
1, 9, 9, 11, 11, 12, 12, 18
1, 9, 9, 11, 11, 12, 15, 18
1, 9, 9, 11, 15, 15, 15, 18
1, 9, 9, 12, 12, 16, 22, 22
1, 9, 9, 12, 13, 16, 23, 23
1, 9, 9, 12, 15, 15, 15, 22
1, 9, 9, 12, 19, 19, 23, 23
1, 9, 9, 13, 15, 18, 21, 23
1, 9, 9, 13, 15, 19, 21, 21
1, 9, 9, 16, 19, 19, 21, 23
1, 9, 9, 18, 19, 19, 23, 23
1, 9, 10, 10, 15, 19, 19, 21
1, 9, 10, 13, 15, 21, 21, 21
1, 9, 10, 13, 16, 16, 18, 18
1, 9, 11, 11, 12, 19, 21, 21
1, 9, 11, 13, 22, 22, 22, 23
1, 9, 11, 18, 21, 21, 22, 22
1, 9, 11, 21, 21, 21, 21, 23
1, 9, 12, 12, 15, 15, 18, 23
1, 9, 12, 13, 15, 22, 22, 23
1, 9, 12, 13, 19, 21, 23, 23
1, 9, 12, 15, 15, 16, 18, 22
1, 9, 12, 15, 15, 16, 18, 23
1, 9, 12, 15, 18, 18, 18, 22
1, 9, 12, 15, 18, 19, 19, 22
1, 9, 12, 15, 18, 23, 23, 23
1, 9, 13, 13, 16, 18, 18, 23
1, 9, 13, 15, 16, 16, 18, 22
1, 9, 15, 15, 16, 16, 16, 18
1, 9, 16, 16, 16, 18, 19, 22
1, 10, 10, 10, 10, 12, 18, 19
1, 10, 10, 10, 12, 12, 18, 19
1, 10, 10, 10, 12, 15, 16, 21
1, 10, 10, 12, 12, 15, 18, 21
1, 10, 10, 12, 12, 19, 19, 23
1, 10, 10, 12, 15, 15, 16, 23
1, 10, 10, 13, 18, 18, 18, 22
1, 10, 10, 16, 21, 21, 21, 21
1, 10, 11, 13, 13, 21, 21, 22
1, 10, 11, 18, 18, 21, 22, 22
1, 10, 11, 18, 19, 19, 21, 21
1, 10, 12, 12, 21, 22, 23, 23
1, 10, 12, 13, 16, 16, 18, 21
1, 10, 12, 13, 16, 18, 22, 23
1, 10, 12, 15, 16, 16, 18, 21
1, 10, 12, 19, 21, 22, 22, 22
1, 10, 13, 13, 15, 18, 18, 23
1, 10, 13, 15, 15, 15, 21, 21
1, 10, 13, 16, 18, 19, 19, 21
1, 10, 15, 15, 16, 18, 18, 22
1, 10, 16, 19, 19, 19, 21, 21
1, 10, 18, 18, 19, 19, 21, 23
1, 10, 19, 19, 19, 19, 21, 23
1, 11, 11, 12, 13, 15, 21, 21
1, 11, 11, 12, 15, 19, 21, 22
1, 11, 11, 13, 18, 18, 22, 22
1, 11, 11, 13, 21, 22, 22, 22
1, 11, 11, 15, 15, 15, 15, 21
1, 11, 12, 12, 12, 13, 16, 19
1, 11, 12, 12, 15, 16, 18, 21
1, 11, 12, 12, 16, 19, 21, 23
1, 11, 12, 13, 15, 19, 23, 23
1, 11, 12, 13, 21, 22, 23, 23
1, 11, 12, 15, 18, 21, 23, 23
1, 11, 12, 15, 19, 22, 22, 23
1, 11, 13, 15, 15, 22, 22, 22
1, 11, 16, 16, 21, 22, 22, 22
1, 11, 18, 18, 18, 18, 22, 22
1, 12, 12, 12, 15, 18, 18, 19
1, 12, 12, 13, 13, 15, 22, 22
1, 12, 12, 16, 16, 16, 18, 19
1, 12, 13, 13, 16, 18, 19, 21
1, 12, 13, 13, 19, 23, 23, 23
1, 12, 13, 13, 21, 23, 23, 23
1, 12, 13, 16, 16, 16, 18, 22
1, 12, 13, 18, 18, 21, 21, 22
1, 12, 15, 15, 15, 15, 15, 16
1, 12, 15, 15, 16, 19, 21, 23
1, 12, 15, 16, 16, 22, 23, 23
1, 12, 18, 19, 21, 21, 22, 23
1, 12, 19, 19, 21, 21, 21, 22
1, 13, 13, 13, 16, 18, 18, 23
1, 13, 13, 15, 16, 19, 21, 23
1, 13, 13, 16, 19, 19, 21, 22
1, 13, 13, 16, 21, 22, 23, 23
1, 13, 13, 19, 19, 19, 19, 22
1, 13, 16, 16, 18, 18, 18, 23
1, 13, 16, 18, 21, 22, 23, 23
1, 13, 16, 19, 21, 21, 22, 23
1, 15, 16, 18, 19, 21, 21, 23
1, 15, 18, 18, 19, 22, 22, 22
1, 16, 16, 16, 18, 18, 18, 21
1, 18, 18, 18, 21, 21, 21, 23
2, 2, 2, 2, 2, 2, 8, 18
2, 2, 2, 2, 2, 7, 8, 16
2, 2, 2, 2, 4, 4, 7, 8
2, 2, 2, 2, 4, 5, 15, 22
2, 2, 2, 2, 5, 5, 8, 12
2, 2, 2, 2, 6, 6, 8, 8
2, 2, 2, 2, 6, 6, 18, 22
2, 2, 2, 2, 6, 12, 12, 21
2, 2, 2, 2, 7, 9, 12, 15
2, 2, 2, 2, 8, 11, 18, 18
2, 2, 2, 2, 9, 12, 16, 18
2, 2, 2, 2, 11, 12, 12, 22
2, 2, 2, 3, 3, 18, 18, 19
2, 2, 2, 3, 6, 8, 21, 21
2, 2, 2, 3, 8, 13, 18, 19
2, 2, 2, 3, 10, 12, 15, 21
2, 2, 2, 4, 9, 18, 21, 23
2, 2, 2, 5, 10, 19, 21, 22
2, 2, 2, 5, 12, 21, 23, 23
2, 2, 2, 5, 15, 15, 22, 22
2, 2, 2, 6, 8, 10, 13, 15
2, 2, 2, 6, 9, 13, 15, 18
2, 2, 2, 6, 10, 12, 18, 21
2, 2, 2, 6, 10, 19, 21, 22
2, 2, 2, 6, 15, 18, 21, 23
2, 2, 2, 7, 8, 12, 13, 21
2, 2, 2, 8, 8, 8, 13, 22
2, 2, 2, 8, 8, 10, 11, 15
2, 2, 2, 8, 8, 10, 12, 13
2, 2, 2, 8, 8, 10, 15, 19
2, 2, 2, 8, 8, 12, 13, 21
2, 2, 2, 8, 12, 18, 18, 21
2, 2, 2, 8, 15, 19, 19, 19
2, 2, 2, 9, 9, 10, 10, 21
2, 2, 2, 9, 9, 11, 21, 21
2, 2, 2, 9, 9, 15, 15, 16
2, 2, 2, 12, 12, 12, 13, 22
2, 2, 2, 12, 15, 16, 22, 22
2, 2, 2, 12, 18, 18, 22, 23
2, 2, 2, 12, 18, 21, 22, 23
2, 2, 3, 3, 7, 8, 16, 18
2, 2, 3, 3, 8, 12, 16, 22
2, 2, 3, 4, 7, 18, 19, 21
2, 2, 3, 5, 5, 12, 18, 21
2, 2, 3, 5, 8, 15, 15, 23
2, 2, 3, 5, 12, 13, 21, 22
2, 2, 3, 5, 15, 18, 18, 19
2, 2, 3, 6, 8, 12, 15, 23
2, 2, 3, 7, 8, 18, 18, 21
2, 2, 3, 7, 10, 10, 15, 19
2, 2, 3, 8, 8, 11, 21, 23
2, 2, 3, 8, 9, 9, 15, 22
2, 2, 3, 8, 10, 10, 12, 22
2, 2, 3, 8, 12, 12, 12, 21
2, 2, 3, 8, 13, 15, 19, 22
2, 2, 3, 9, 10, 15, 15, 21
2, 2, 3, 10, 10, 15, 22, 22
2, 2, 3, 11, 12, 12, 12, 21
2, 2, 3, 12, 16, 21, 21, 21
2, 2, 3, 19, 21, 21, 21, 23
2, 2, 4, 4, 8, 8, 8, 9
2, 2, 4, 5, 5, 8, 9, 15
2, 2, 4, 5, 9, 15, 18, 21
2, 2, 4, 5, 12, 21, 22, 23
2, 2, 4, 7, 8, 9, 10, 16
2, 2, 4, 7, 9, 12, 15, 15
2, 2, 4, 8, 9, 12, 13, 15
2, 2, 4, 9, 9, 15, 15, 15
2, 2, 4, 9, 11, 22, 22, 22
2, 2, 4, 9, 12, 13, 21, 23
2, 2, 4, 9, 12, 18, 19, 19
2, 2, 4, 9, 18, 18, 18, 21
2, 2, 4, 12, 16, 21, 21, 23
2, 2, 4, 15, 15, 22, 23, 23
2, 2, 4, 19, 21, 21, 23, 23
2, 2, 5, 5, 7, 10, 12, 21
2, 2, 5, 5, 7, 12, 18, 19
2, 2, 5, 6, 7, 18, 19, 23
2, 2, 5, 6, 8, 8, 8, 11
2, 2, 5, 6, 8, 8, 11, 22
2, 2, 5, 6, 8, 8, 15, 15
2, 2, 5, 7, 8, 16, 22, 23
2, 2, 5, 7, 8, 18, 18, 19
2, 2, 5, 7, 13, 13, 18, 22
2, 2, 5, 8, 10, 18, 21, 22
2, 2, 5, 9, 9, 10, 12, 21
2, 2, 5, 9, 9, 12, 19, 21
2, 2, 5, 9, 9, 19, 21, 21
2, 2, 5, 9, 11, 12, 15, 18
2, 2, 5, 9, 11, 12, 15, 22
2, 2, 5, 12, 13, 18, 22, 23
2, 2, 5, 13, 15, 15, 16, 21
2, 2, 5, 15, 18, 19, 21, 23
2, 2, 5, 21, 22, 22, 22, 22
2, 2, 6, 8, 8, 8, 15, 15
2, 2, 6, 8, 8, 10, 12, 16
2, 2, 6, 8, 8, 11, 18, 22
2, 2, 6, 8, 10, 12, 12, 21
2, 2, 6, 8, 15, 16, 18, 19
2, 2, 6, 8, 15, 16, 21, 21
2, 2, 6, 9, 9, 9, 10, 22
2, 2, 6, 9, 9, 16, 18, 22
2, 2, 6, 9, 10, 15, 18, 18
2, 2, 6, 9, 12, 16, 21, 23
2, 2, 6, 12, 12, 16, 22, 23
2, 2, 7, 7, 7, 9, 11, 11
2, 2, 7, 7, 9, 9, 19, 23
2, 2, 7, 7, 10, 13, 13, 21
2, 2, 7, 7, 11, 11, 15, 15
2, 2, 7, 7, 15, 15, 19, 23
2, 2, 7, 8, 8, 16, 19, 22
2, 2, 7, 8, 9, 9, 11, 23
2, 2, 7, 8, 9, 19, 21, 21
2, 2, 7, 8, 10, 12, 12, 15
2, 2, 7, 8, 11, 12, 16, 21
2, 2, 7, 8, 12, 22, 23, 23
2, 2, 7, 8, 15, 16, 21, 21
2, 2, 7, 8, 15, 18, 18, 18
2, 2, 7, 9, 13, 15, 15, 21
2, 2, 7, 10, 10, 15, 19, 21
2, 2, 7, 10, 13, 15, 19, 23
2, 2, 7, 10, 16, 18, 19, 22
2, 2, 7, 11, 13, 15, 18, 21
2, 2, 7, 12, 12, 13, 13, 15
2, 2, 7, 12, 18, 21, 21, 21
2, 2, 7, 15, 16, 21, 21, 23
2, 2, 7, 22, 22, 22, 22, 22
2, 2, 8, 8, 9, 21, 21, 23
2, 2, 8, 9, 9, 11, 15, 18
2, 2, 8, 9, 12, 13, 15, 18
2, 2, 8, 9, 13, 19, 19, 21
2, 2, 8, 10, 10, 15, 15, 16
2, 2, 8, 10, 15, 19, 19, 21
2, 2, 8, 11, 15, 15, 15, 15
2, 2, 8, 11, 16, 18, 18, 18
2, 2, 8, 13, 15, 16, 16, 18
2, 2, 8, 15, 18, 19, 21, 23
2, 2, 9, 9, 9, 16, 22, 23
2, 2, 9, 9, 10, 12, 16, 18
2, 2, 9, 9, 18, 21, 21, 23
2, 2, 9, 10, 12, 12, 13, 22
2, 2, 9, 10, 12, 13, 22, 23
2, 2, 9, 10, 15, 15, 16, 18
2, 2, 9, 10, 19, 19, 21, 21
2, 2, 9, 11, 15, 21, 21, 21
2, 2, 9, 12, 12, 12, 22, 23
2, 2, 9, 12, 16, 18, 19, 21
2, 2, 10, 10, 10, 15, 18, 22
2, 2, 10, 12, 12, 15, 15, 15
2, 2, 10, 12, 12, 18, 18, 21
2, 2, 11, 12, 12, 12, 15, 16
2, 2, 11, 12, 12, 13, 15, 15
2, 2, 11, 12, 15, 15, 19, 21
2, 2, 11, 12, 18, 21, 21, 21
2, 2, 11, 15, 15, 15, 16, 22
2, 2, 11, 15, 15, 18, 22, 23
2, 2, 11, 18, 19, 21, 22, 23
2, 2, 12, 12, 16, 16, 22, 23
2, 2, 12, 16, 16, 18, 18, 19
2, 2, 15, 15, 15, 19, 22, 23
2, 2, 15, 16, 19, 22, 22, 23
2, 2, 15, 18, 18, 19, 19, 23
2, 2, 16, 19, 19, 19, 22, 22
2, 3, 3, 3, 8, 9, 9, 22
2, 3, 3, 3, 10, 18, 18, 18
2, 3, 3, 4, 7, 15, 21, 23
2, 3, 3, 6, 6, 7, 8, 15
2, 3, 3, 7, 10, 15, 18, 18
2, 3, 3, 7, 12, 12, 12, 21
2, 3, 3, 7, 13, 13, 15, 21
2, 3, 3, 8, 21, 21, 22, 22
2, 3, 3, 15, 15, 15, 15, 23
2, 3, 4, 4, 12, 12, 18, 22
2, 3, 4, 5, 7, 9, 9, 23
2, 3, 4, 6, 6, 8, 8, 9
2, 3, 4, 8, 15, 15, 18, 18
2, 3, 4, 15, 15, 21, 21, 23
2, 3, 5, 5, 6, 7, 21, 22
2, 3, 5, 5, 12, 12, 13, 21
2, 3, 5, 6, 8, 18, 19, 23
2, 3, 5, 8, 8, 11, 18, 23
2, 3, 5, 8, 9, 9, 9, 16
2, 3, 5, 9, 10, 18, 18, 18
2, 3, 5, 15, 15, 15, 19, 22
2, 3, 6, 6, 6, 7, 7, 9
2, 3, 6, 6, 8, 8, 8, 10
2, 3, 6, 8, 9, 19, 21, 21
2, 3, 6, 9, 12, 12, 19, 23
2, 3, 6, 9, 15, 18, 18, 23
2, 3, 7, 7, 7, 7, 7, 22
2, 3, 7, 7, 7, 12, 12, 23
2, 3, 7, 8, 8, 10, 10, 23
2, 3, 7, 8, 8, 18, 18, 18
2, 3, 7, 8, 9, 10, 10, 23
2, 3, 7, 8, 12, 15, 19, 19
2, 3, 7, 8, 13, 13, 18, 21
2, 3, 7, 13, 13, 15, 18, 21
2, 3, 7, 13, 15, 15, 15, 15
2, 3, 8, 8, 9, 16, 19, 19
2, 3, 8, 8, 10, 10, 12, 19
2, 3, 8, 9, 10, 16, 18, 22
2, 3, 8, 11, 12, 12, 16, 21
2, 3, 8, 12, 12, 12, 13, 19
2, 3, 9, 10, 10, 15, 15, 19
2, 3, 22, 22, 22, 23, 23, 23
2, 4, 4, 5, 7, 7, 7, 21
2, 4, 4, 5, 9, 9, 18, 21
2, 4, 4, 6, 7, 8, 18, 22
2, 4, 4, 6, 7, 15, 21, 22
2, 4, 4, 7, 8, 10, 15, 19
2, 4, 4, 8, 8, 15, 15, 15
2, 4, 5, 5, 7, 8, 23, 23
2, 4, 5, 6, 7, 8, 22, 22
2, 4, 5, 6, 7, 12, 15, 18
2, 4, 5, 6, 8, 18, 21, 21
2, 4, 5, 6, 18, 18, 21, 21
2, 4, 5, 7, 7, 8, 8, 9
2, 4, 5, 7, 7, 21, 22, 23
2, 4, 5, 7, 8, 9, 16, 21
2, 4, 5, 7, 12, 15, 23, 23
2, 4, 5, 8, 8, 9, 13, 13
2, 4, 5, 8, 8, 18, 18, 23
2, 4, 5, 8, 12, 12, 13, 18
2, 4, 5, 9, 9, 12, 21, 22
2, 4, 5, 9, 18, 18, 22, 23
2, 4, 5, 10, 15, 15, 15, 15
2, 4, 5, 19, 22, 22, 22, 23
2, 4, 6, 6, 7, 7, 7, 8
2, 4, 6, 6, 8, 10, 15, 15
2, 4, 6, 6, 15, 21, 21, 23
2, 4, 6, 7, 7, 9, 12, 18
2, 4, 6, 7, 8, 9, 15, 21
2, 4, 6, 8, 8, 8, 10, 13
2, 4, 6, 8, 9, 13, 21, 23
2, 4, 6, 9, 9, 15, 16, 21
2, 4, 6, 11, 21, 21, 21, 22
2, 4, 6, 18, 19, 21, 22, 22
2, 4, 7, 7, 7, 10, 11, 22
2, 4, 7, 7, 10, 10, 13, 21
2, 4, 7, 8, 8, 11, 18, 18
2, 4, 7, 8, 8, 19, 23, 23
2, 4, 7, 8, 9, 10, 12, 22
2, 4, 7, 8, 16, 19, 19, 22
2, 4, 7, 9, 15, 22, 23, 23
2, 4, 7, 10, 13, 15, 21, 23
2, 4, 7, 11, 12, 15, 18, 21
2, 4, 7, 15, 15, 21, 22, 22
2, 4, 7, 19, 23, 23, 23, 23
2, 4, 8, 8, 8, 12, 19, 22
2, 4, 8, 8, 9, 9, 11, 18
2, 4, 8, 9, 10, 16, 22, 22
2, 4, 8, 9, 15, 15, 18, 18
2, 4, 8, 9, 15, 19, 21, 21
2, 4, 8, 10, 15, 15, 18, 19
2, 4, 8, 10, 21, 21, 22, 23
2, 4, 8, 12, 15, 16, 18, 23
2, 4, 8, 12, 16, 19, 21, 22
2, 4, 9, 9, 12, 19, 22, 22
2, 4, 9, 9, 13, 21, 22, 22
2, 4, 9, 10, 10, 18, 18, 21
2, 4, 9, 12, 15, 15, 16, 21
2, 4, 9, 13, 13, 18, 18, 19
2, 4, 9, 16, 18, 18, 22, 22
2, 4, 9, 16, 18, 22, 22, 22
2, 4, 9, 19, 19, 21, 22, 22
2, 4, 10, 12, 15, 15, 15, 21
2, 4, 10, 12, 18, 18, 21, 21
2, 4, 10, 12, 19, 19, 19, 22
2, 4, 10, 13, 15, 15, 15, 19
2, 4, 10, 13, 15, 15, 15, 22
2, 4, 11, 18, 18, 19, 22, 22
2, 4, 12, 13, 16, 21, 21, 21
2, 4, 12, 19, 19, 19, 22, 22
2, 4, 15, 15, 16, 22, 22, 23
2, 4, 16, 18, 19, 21, 22, 23
2, 4, 19, 19, 19, 22, 22, 23
2, 5, 5, 5, 8, 9, 15, 21
2, 5, 5, 5, 9, 12, 12, 21
2, 5, 5, 6, 8, 8, 8, 10
2, 5, 5, 7, 8, 8, 13, 21
2, 5, 5, 7, 9, 22, 22, 22
2, 5, 5, 7, 15, 16, 18, 23
2, 5, 5, 8, 18, 19, 19, 22
2, 5, 5, 8, 18, 19, 21, 23
2, 5, 5, 9, 9, 18, 19, 22
2, 5, 5, 9, 10, 15, 15, 19
2, 5, 5, 13, 15, 18, 18, 22
2, 5, 6, 6, 8, 12, 15, 19
2, 5, 6, 7, 7, 9, 16, 22
2, 5, 6, 7, 7, 12, 12, 12
2, 5, 6, 7, 8, 8, 19, 22
2, 5, 6, 7, 8, 11, 12, 21
2, 5, 6, 7, 8, 11, 15, 18
2, 5, 6, 7, 9, 12, 15, 21
2, 5, 6, 8, 8, 9, 15, 21
2, 5, 6, 8, 9, 16, 18, 19
2, 5, 6, 9, 9, 13, 15, 18
2, 5, 6, 9, 13, 15, 15, 22
2, 5, 6, 12, 12, 19, 22, 23
2, 5, 6, 12, 18, 18, 23, 23
2, 5, 7, 7, 7, 9, 13, 21
2, 5, 7, 7, 8, 8, 18, 18
2, 5, 7, 7, 8, 9, 19, 19
2, 5, 7, 7, 8, 12, 18, 18
2, 5, 7, 7, 9, 10, 11, 22
2, 5, 7, 7, 12, 13, 19, 21
2, 5, 7, 8, 10, 15, 16, 23
2, 5, 7, 9, 9, 10, 10, 15
2, 5, 7, 9, 10, 12, 13, 13
2, 5, 7, 9, 12, 15, 18, 21
2, 5, 7, 9, 15, 15, 22, 23
2, 5, 7, 10, 12, 13, 13, 15
2, 5, 7, 10, 13, 21, 23, 23
2, 5, 7, 11, 18, 18, 19, 23
2, 5, 7, 15, 19, 19, 19, 23
2, 5, 8, 8, 9, 12, 12, 22
2, 5, 8, 8, 13, 18, 18, 21
2, 5, 8, 8, 15, 18, 21, 23
2, 5, 8, 9, 9, 11, 12, 19
2, 5, 8, 9, 10, 12, 22, 23
2, 5, 8, 9, 11, 15, 18, 18
2, 5, 8, 10, 12, 22, 22, 23
2, 5, 8, 10, 16, 21, 22, 22
2, 5, 8, 11, 22, 22, 22, 23
2, 5, 9, 9, 9, 10, 19, 21
2, 5, 9, 9, 9, 12, 13, 22
2, 5, 9, 9, 10, 10, 12, 12
2, 5, 9, 9, 10, 12, 12, 16
2, 5, 9, 10, 19, 22, 22, 22
2, 5, 9, 10, 21, 22, 22, 23
2, 5, 9, 12, 12, 13, 13, 15
2, 5, 9, 12, 16, 16, 18, 22
2, 5, 9, 15, 18, 18, 19, 22
2, 5, 10, 10, 12, 12, 13, 21
2, 5, 10, 10, 12, 12, 15, 21
2, 5, 10, 12, 12, 13, 13, 21
2, 5, 10, 13, 18, 21, 21, 22
2, 5, 11, 13, 18, 21, 22, 22
2, 5, 11, 15, 15, 18, 21, 23
2, 5, 12, 15, 15, 18, 21, 23
2, 5, 12, 18, 18, 23, 23, 23
2, 5, 13, 15, 19, 21, 21, 23
2, 5, 13, 19, 21, 21, 21, 21
2, 5, 15, 15, 22, 22, 22, 23
2, 5, 19, 19, 21, 22, 23, 23
2, 6, 6, 7, 7, 9, 13, 19
2, 6, 6, 7, 10, 15, 15, 19
2, 6, 6, 8, 8, 8, 12, 12
2, 6, 6, 8, 8, 8, 13, 13
2, 6, 6, 8, 12, 15, 23, 23
2, 6, 6, 8, 13, 19, 19, 21
2, 6, 6, 9, 12, 12, 12, 15
2, 6, 6, 12, 19, 21, 21, 21
2, 6, 6, 16, 18, 19, 22, 22
2, 6, 7, 7, 9, 12, 12, 19
2, 6, 7, 7, 15, 16, 18, 21
2, 6, 7, 8, 9, 9, 15, 21
2, 6, 7, 8, 9, 13, 21, 23
2, 6, 7, 8, 10, 13, 15, 19
2, 6, 7, 8, 11, 12, 13, 18
2, 6, 7, 8, 11, 12, 13, 19
2, 6, 7, 8, 12, 13, 13, 23
2, 6, 7, 9, 9, 11, 15, 15
2, 6, 7, 9, 11, 12, 21, 22
2, 6, 7, 10, 10, 13, 15, 22
2, 6, 7, 11, 15, 15, 18, 22
2, 6, 7, 12, 12, 18, 18, 23
2, 6, 7, 15, 15, 15, 18, 23
2, 6, 7, 16, 19, 19, 21, 22
2, 6, 8, 8, 8, 12, 18, 23
2, 6, 8, 8, 15, 23, 23, 23
2, 6, 8, 9, 10, 12, 19, 23
2, 6, 8, 9, 10, 15, 16, 22
2, 6, 8, 10, 10, 12, 21, 22
2, 6, 8, 10, 11, 18, 22, 22
2, 6, 8, 10, 12, 15, 16, 21
2, 6, 8, 11, 12, 12, 12, 23
2, 6, 8, 12, 15, 18, 18, 22
2, 6, 8, 13, 13, 15, 19, 21
2, 6, 8, 15, 16, 23, 23, 23
2, 6, 8, 15, 19, 19, 22, 22
2, 6, 8, 18, 19, 21, 22, 22
2, 6, 9, 9, 10, 18, 21, 21
2, 6, 9, 9, 12, 18, 21, 21
2, 6, 9, 9, 18, 19, 23, 23
2, 6, 9, 12, 13, 13, 21, 21
2, 6, 9, 12, 15, 18, 22, 23
2, 6, 10, 10, 12, 12, 15, 22
2, 6, 10, 12, 12, 12, 21, 21
2, 6, 10, 15, 18, 18, 19, 23
2, 6, 11, 13, 15, 21, 22, 22
2, 6, 12, 12, 12, 16, 16, 22
2, 6, 15, 15, 18, 18, 21, 22
2, 6, 15, 16, 18, 18, 18, 23
2, 6, 15, 19, 19, 21, 23, 23
2, 7, 7, 7, 7, 15, 22, 23
2, 7, 7, 7, 12, 12, 13, 21
2, 7, 7, 8, 8, 10, 11, 12
2, 7, 7, 8, 8, 18, 19, 19
2, 7, 7, 8, 9, 9, 15, 23
2, 7, 7, 8, 9, 16, 18, 22
2, 7, 7, 8, 9, 18, 18, 19
2, 7, 7, 9, 9, 16, 16, 18
2, 7, 7, 9, 15, 15, 15, 18
2, 7, 7, 11, 21, 22, 22, 23
2, 7, 7, 12, 12, 15, 18, 22
2, 7, 7, 18, 18, 18, 19, 19
2, 7, 7, 18, 18, 19, 19, 19
2, 7, 8, 8, 8, 13, 21, 22
2, 7, 8, 8, 10, 13, 19, 23
2, 7, 8, 8, 15, 15, 22, 23
2, 7, 8, 9, 10, 10, 13, 23
2, 7, 8, 9, 10, 21, 22, 22
2, 7, 8, 9, 10, 22, 22, 22
2, 7, 8, 9, 11, 11, 12, 22
2, 7, 8, 9, 15, 16, 21, 23
2, 7, 8, 9, 18, 21, 21, 21
2, 7, 8, 10, 10, 13, 15, 21
2, 7, 8, 10, 12, 19, 22, 22
2, 7, 8, 10, 13, 16, 19, 21
2, 7, 8, 10, 16, 18, 19, 19
2, 7, 8, 12, 12, 18, 19, 22
2, 7, 8, 13, 15, 16, 16, 19
2, 7, 8, 15, 16, 21, 21, 23
2, 7, 8, 18, 19, 22, 22, 23
2, 7, 9, 9, 9, 15, 18, 23
2, 7, 9, 9, 11, 12, 12, 13
2, 7, 9, 9, 15, 15, 16, 19
2, 7, 9, 10, 10, 16, 18, 22
2, 7, 9, 11, 11, 15, 21, 21
2, 7, 9, 11, 18, 18, 23, 23
2, 7, 9, 12, 13, 13, 16, 22
2, 7, 9, 18, 18, 22, 22, 23
2, 7, 9, 18, 19, 22, 22, 23
2, 7, 10, 10, 10, 10, 21, 22
2, 7, 10, 11, 15, 18, 22, 22
2, 7, 10, 12, 15, 15, 21, 21
2, 7, 11, 12, 15, 18, 23, 23
2, 7, 11, 12, 16, 19, 21, 22
2, 7, 11, 13, 19, 22, 22, 23
2, 7, 12, 12, 18, 21, 23, 23
2, 7, 12, 13, 13, 15, 16, 19
2, 7, 12, 13, 21, 21, 23, 23
2, 7, 12, 16, 16, 19, 21, 21
2, 7, 15, 15, 15, 19, 22, 23
2, 7, 15, 15, 16, 19, 19, 21
2, 7, 16, 18, 18, 19, 22, 22
2, 8, 8, 8, 8, 8, 8, 8
2, 8, 8, 8, 8, 8, 12, 18
2, 8, 8, 8, 8, 8, 12, 19
2, 8, 8, 8, 8, 9, 22, 22
2, 8, 8, 8, 8, 15, 18, 19
2, 8, 8, 8, 9, 9, 21, 22
2, 8, 8, 8, 9, 13, 18, 19
2, 8, 8, 8, 10, 16, 16, 18
2, 8, 8, 8, 10, 16, 16, 19
2, 8, 8, 8, 12, 12, 18, 23
2, 8, 8, 9, 9, 13, 13, 13
2, 8, 8, 9, 9, 19, 22, 23
2, 8, 8, 9, 10, 21, 23, 23
2, 8, 8, 9, 12, 15, 22, 22
2, 8, 8, 9, 13, 13, 13, 13
2, 8, 8, 9, 18, 18, 19, 19
2, 8, 8, 10, 10, 12, 13, 16
2, 8, 8, 10, 10, 16, 16, 21
2, 8, 8, 10, 12, 13, 16, 19
2, 8, 8, 11, 12, 13, 15, 22
2, 8, 8, 11, 12, 15, 15, 18
2, 8, 8, 11, 13, 15, 15, 16
2, 8, 8, 12, 12, 15, 21, 22
2, 8, 8, 12, 13, 13, 19, 21
2, 8, 8, 16, 23, 23, 23, 23
2, 8, 9, 9, 9, 11, 12, 18
2, 8, 9, 9, 9, 11, 16, 21
2, 8, 9, 9, 9, 12, 19, 22
2, 8, 9, 9, 11, 12, 13, 19
2, 8, 9, 9, 11, 12, 19, 21
2, 8, 9, 9, 16, 23, 23, 23
2, 8, 9, 9, 18, 19, 22, 23
2, 8, 9, 9, 19, 19, 21, 23
2, 8, 9, 10, 10, 15, 19, 23
2, 8, 9, 10, 10, 19, 19, 23
2, 8, 9, 10, 12, 13, 16, 23
2, 8, 9, 10, 12, 15, 15, 21
2, 8, 9, 10, 13, 18, 19, 23
2, 8, 9, 10, 18, 19, 19, 21
2, 8, 9, 11, 13, 15, 22, 23
2, 8, 9, 11, 19, 21, 22, 23
2, 8, 10, 10, 10, 10, 18, 22
2, 8, 10, 10, 13, 15, 19, 23
2, 8, 10, 10, 22, 22, 23, 23
2, 8, 10, 11, 12, 12, 12, 23
2, 8, 10, 11, 15, 15, 15, 23
2, 8, 10, 11, 19, 19, 21, 22
2, 8, 10, 12, 12, 12, 12, 21
2, 8, 10, 13, 18, 19, 22, 23
2, 8, 10, 13, 19, 19, 21, 22
2, 8, 10, 15, 18, 21, 21, 21
2, 8, 10, 16, 19, 19, 22, 23
2, 8, 11, 12, 18, 19, 19, 21
2, 8, 11, 12, 19, 19, 21, 23
2, 8, 11, 15, 15, 19, 19, 19
2, 8, 12, 12, 12, 13, 15, 19
2, 8, 12, 15, 19, 23, 23, 23
2, 8, 12, 16, 18, 22, 23, 23
2, 8, 13, 13, 13, 21, 22, 23
2, 8, 13, 19, 19, 19, 19, 22
2, 8, 13, 19, 21, 21, 23, 23
2, 8, 13, 21, 22, 23, 23, 23
2, 8, 15, 19, 19, 21, 23, 23
2, 8, 16, 16, 22, 22, 22, 23
2, 8, 16, 18, 19, 22, 22, 23
2, 8, 18, 18, 19, 21, 23, 23
2, 8, 19, 19, 19, 21, 23, 23
2, 9, 9, 9, 11, 12, 12, 15
2, 9, 9, 9, 11, 19, 22, 22
2, 9, 9, 9, 12, 15, 22, 22
2, 9, 9, 9, 15, 19, 19, 23
2, 9, 9, 9, 18, 21, 21, 22
2, 9, 9, 10, 12, 15, 22, 23
2, 9, 9, 10, 12, 22, 22, 22
2, 9, 9, 12, 12, 12, 16, 19
2, 9, 9, 12, 15, 19, 22, 22
2, 9, 9, 12, 16, 18, 18, 22
2, 9, 9, 13, 15, 22, 23, 23
2, 9, 9, 13, 18, 18, 19, 22
2, 9, 10, 10, 13, 15, 22, 23
2, 9, 10, 11, 12, 18, 19, 21
2, 9, 10, 12, 12, 12, 13, 13
2, 9, 10, 13, 13, 15, 15, 22
2, 9, 10, 13, 15, 15, 15, 23
2, 9, 10, 13, 21, 21, 22, 23
2, 9, 10, 16, 19, 21, 22, 22
2, 9, 10, 16, 22, 22, 22, 22
2, 9, 10, 18, 18, 18, 21, 22
2, 9, 10, 18, 19, 19, 22, 23
2, 9, 11, 12, 12, 12, 12, 21
2, 9, 11, 15, 15, 16, 21, 21
2, 9, 12, 12, 13, 15, 22, 22
2, 9, 12, 13, 16, 18, 19, 19
2, 9, 12, 15, 16, 19, 21, 22
2, 9, 12, 19, 19, 19, 22, 22
2, 9, 12, 19, 21, 21, 21, 21
2, 9, 13, 13, 13, 15, 19, 22
2, 9, 13, 15, 16, 18, 21, 23
2, 9, 13, 22, 22, 22, 22, 22
2, 9, 15, 15, 16, 18, 18, 18
2, 9, 15, 15, 16, 18, 18, 19
2, 10, 10, 10, 10, 12, 12, 21
2, 10, 10, 10, 13, 18, 21, 21
2, 10, 10, 11, 15, 21, 21, 21
2, 10, 10, 12, 12, 15, 18, 22
2, 10, 10, 12, 12, 19, 23, 23
2, 10, 10, 15, 15, 21, 21, 23
2, 10, 11, 12, 15, 15, 18, 22
2, 10, 11, 12, 18, 18, 18, 22
2, 10, 12, 12, 12, 12, 12, 13
2, 10, 12, 12, 13, 13, 13, 15
2, 10, 12, 12, 15, 15, 16, 23
2, 10, 12, 16, 19, 21, 21, 23
2, 10, 13, 15, 15, 19, 21, 23
2, 10, 13, 16, 21, 22, 22, 22
2, 10, 15, 15, 15, 18, 23, 23
2, 10, 15, 15, 18, 21, 21, 23
2, 10, 15, 16, 18, 18, 21, 23
2, 10, 15, 18, 18, 19, 19, 23
2, 10, 16, 18, 18, 22, 22, 22
2, 10, 16, 18, 19, 22, 22, 22
2, 11, 11, 12, 12, 15, 21, 22
2, 11, 12, 15, 15, 15, 19, 19
2, 11, 12, 15, 19, 21, 23, 23
2, 11, 13, 18, 21, 21, 21, 21
2, 11, 15, 18, 19, 19, 21, 21
2, 11, 15, 18, 19, 19, 22, 22
2, 11, 16, 18, 18, 18, 18, 21
2, 12, 12, 12, 12, 12, 12, 23
2, 12, 12, 12, 12, 15, 15, 21
2, 12, 12, 12, 13, 13, 21, 22
2, 12, 12, 12, 15, 18, 21, 22
2, 12, 12, 12, 16, 16, 19, 19
2, 12, 12, 13, 13, 22, 23, 23
2, 12, 15, 18, 18, 18, 18, 21
2, 12, 15, 18, 22, 23, 23, 23
2, 12, 18, 18, 19, 21, 21, 23
2, 13, 13, 15, 18, 18, 18, 19
2, 13, 15, 19, 21, 21, 23, 23
2, 13, 18, 18, 18, 22, 22, 22
2, 13, 19, 19, 19, 22, 22, 22
2, 15, 16, 16, 18, 22, 22, 22
2, 15, 16, 21, 22, 22, 22, 22
2, 15, 18, 21, 21, 21, 21, 22
2, 16, 18, 21, 21, 21, 23, 23
2, 18, 18, 18, 19, 19, 21, 23
2, 18, 18, 18, 21, 21, 22, 22
2, 18, 18, 19, 19, 19, 21, 22
3, 3, 3, 8, 8, 15, 16, 18
3, 3, 4, 5, 7, 15, 19, 21
3, 3, 4, 5, 8, 12, 18, 21
3, 3, 4, 7, 12, 15, 18, 23
3, 3, 4, 8, 12, 12, 15, 22
3, 3, 4, 10, 12, 19, 21, 22
3, 3, 6, 7, 7, 7, 10, 19
3, 3, 6, 7, 7, 15, 19, 22
3, 3, 7, 7, 8, 8, 16, 21
3, 3, 7, 7, 10, 16, 18, 23
3, 3, 7, 7, 12, 13, 16, 19
3, 3, 7, 8, 8, 8, 8, 16
3, 3, 7, 8, 12, 12, 16, 23
3, 3, 7, 9, 9, 10, 19, 23
3, 3, 7, 13, 15, 16, 22, 22
3, 3, 7, 18, 18, 21, 21, 21
3, 3, 7, 18, 21, 22, 23, 23
3, 3, 8, 8, 8, 10, 19, 21
3, 3, 8, 8, 13, 13, 15, 19
3, 3, 8, 9, 16, 18, 18, 18
3, 3, 8, 12, 21, 22, 22, 22
3, 3, 9, 9, 18, 22, 23, 23
3, 3, 9, 10, 15, 15, 23, 23
3, 3, 9, 12, 13, 13, 22, 22
3, 3, 9, 15, 15, 21, 23, 23
3, 3, 10, 12, 12, 13, 21, 21
3, 3, 10, 19, 22, 22, 22, 22
3, 3, 12, 12, 12, 12, 12, 21
3, 3, 12, 16, 18, 18, 18, 18
3, 3, 12, 16, 18, 18, 18, 19
3, 3, 12, 16, 18, 18, 18, 23
3, 4, 4, 5, 8, 12, 18, 19
3, 4, 4, 6, 7, 12, 13, 21
3, 4, 4, 6, 7, 12, 21, 23
3, 4, 4, 7, 7, 7, 9, 15
3, 4, 4, 8, 12, 15, 22, 23
3, 4, 5, 5, 8, 9, 18, 23
3, 4, 5, 8, 10, 18, 22, 23
3, 4, 5, 9, 9, 19, 22, 22
3, 4, 5, 12, 15, 19, 19, 22
3, 4, 5, 15, 16, 18, 21, 21
3, 4, 6, 8, 12, 12, 12, 23
3, 4, 6, 12, 12, 18, 22, 23
3, 4, 7, 7, 7, 7, 11, 15
3, 4, 7, 7, 7, 9, 15, 19
3, 4, 7, 8, 9, 9, 11, 19
3, 4, 7, 8, 12, 13, 18, 23
3, 4, 7, 8, 18, 18, 19, 21
3, 4, 7, 9, 10, 19, 22, 22
3, 4, 7, 9, 12, 19, 22, 22
3, 4, 7, 10, 16, 19, 21, 22
3, 4, 7, 15, 19, 19, 19, 21
3, 4, 8, 8, 10, 16, 19, 22
3, 4, 8, 8, 13, 13, 15, 22
3, 4, 8, 8, 15, 15, 23, 23
3, 4, 8, 11, 12, 18, 18, 23
3, 4, 8, 12, 18, 21, 21, 23
3, 4, 9, 9, 9, 12, 18, 22
3, 4, 12, 13, 13, 15, 22, 23
3, 4, 12, 15, 18, 18, 19, 21
3, 5, 5, 5, 5, 7, 22, 22
3, 5, 5, 9, 12, 16, 18, 21
3, 5, 6, 6, 19, 21, 21, 21
3, 5, 6, 7, 9, 18, 18, 21
3, 5, 6, 8, 9, 9, 13, 22
3, 5, 6, 13, 15, 18, 18, 22
3, 5, 7, 8, 12, 13, 15, 19
3, 5, 7, 9, 10, 12, 19, 21
3, 5, 7, 11, 12, 15, 15, 22
3, 5, 7, 11, 15, 15, 21, 21
3, 5, 7, 12, 12, 13, 15, 19
3, 5, 7, 13, 18, 21, 21, 23
3, 5, 8, 8, 8, 12, 13, 15
3, 5, 8, 8, 9, 9, 9, 11
3, 5, 8, 9, 9, 9, 13, 18
3, 5, 8, 10, 15, 21, 22, 23
3, 5, 9, 12, 12, 13, 16, 18
3, 5, 9, 13, 19, 21, 21, 21
3, 5, 9, 15, 15, 18, 18, 22
3, 5, 11, 12, 12, 15, 15, 21
3, 5, 12, 12, 12, 13, 15, 16
3, 5, 12, 12, 16, 19, 19, 21
3, 5, 12, 12, 19, 19, 22, 22
3, 5, 12, 12, 19, 23, 23, 23
3, 5, 12, 15, 15, 16, 21, 23
3, 5, 13, 18, 18, 21, 22, 23
3, 6, 6, 6, 8, 8, 10, 21
3, 6, 6, 7, 9, 13, 18, 23
3, 6, 6, 7, 12, 18, 19, 21
3, 6, 6, 7, 15, 18, 19, 21
3, 6, 6, 8, 8, 8, 12, 15
3, 6, 6, 9, 12, 12, 18, 23
3, 6, 6, 13, 15, 21, 22, 22
3, 6, 7, 7, 7, 10, 10, 18
3, 6, 7, 8, 10, 15, 18, 18
3, 6, 7, 8, 12, 15, 16, 18
3, 6, 7, 8, 13, 15, 23, 23
3, 6, 7, 10, 10, 12, 13, 18
3, 6, 7, 10, 10, 13, 21, 22
3, 6, 7, 10, 18, 18, 21, 21
3, 6, 7, 12, 12, 22, 22, 22
3, 6, 7, 13, 19, 22, 22, 23
3, 6, 8, 8, 8, 9, 11, 21
3, 6, 8, 8, 13, 22, 23, 23
3, 6, 8, 8, 18, 19, 19, 22
3, 6, 8, 10, 13, 15, 18, 23
3, 6, 8, 10, 15, 15, 18, 22
3, 6, 8, 15, 19, 19, 19, 21
3, 6, 9, 9, 10, 13, 15, 21
3, 6, 9, 10, 10, 12, 15, 21
3, 6, 9, 10, 21, 22, 23, 23
3, 6, 9, 12, 12, 12, 16, 21
3, 6, 9, 12, 12, 15, 22, 23
3, 6, 9, 12, 15, 19, 19, 23
3, 6, 9, 15, 15, 21, 23, 23
3, 6, 10, 10, 12, 12, 18, 19
3, 6, 10, 12, 15, 15, 22, 22
3, 6, 10, 15, 15, 15, 18, 22
3, 6, 12, 12, 22, 22, 22, 22
3, 6, 12, 13, 18, 19, 21, 21
3, 6, 12, 15, 15, 15, 16, 21
3, 6, 12, 15, 21, 21, 21, 22
3, 7, 7, 7, 7, 12, 18, 19
3, 7, 7, 7, 18, 22, 22, 22
3, 7, 7, 8, 8, 8, 10, 21
3, 7, 7, 8, 8, 9, 10, 10
3, 7, 7, 9, 9, 9, 10, 11
3, 7, 7, 9, 9, 10, 13, 23
3, 7, 7, 9, 10, 15, 18, 23
3, 7, 7, 9, 12, 13, 15, 18
3, 7, 7, 9, 15, 15, 19, 22
3, 7, 7, 9, 21, 22, 23, 23
3, 7, 7, 12, 12, 12, 13, 16
3, 7, 8, 9, 10, 11, 15, 19
3, 7, 8, 9, 11, 18, 21, 22
3, 7, 8, 10, 12, 12, 15, 15
3, 7, 8, 10, 13, 19, 19, 19
3, 7, 8, 11, 12, 16, 18, 19
3, 7, 8, 18, 22, 22, 22, 23
3, 7, 8, 22, 23, 23, 23, 23
3, 7, 9, 11, 15, 21, 21, 23
3, 7, 9, 12, 15, 19, 19, 21
3, 7, 9, 13, 15, 15, 15, 15
3, 7, 10, 15, 18, 19, 21, 23
3, 7, 11, 13, 15, 18, 22, 23
3, 7, 12, 12, 13, 16, 16, 18
3, 7, 12, 12, 21, 22, 22, 23
3, 7, 13, 13, 15, 16, 21, 23
3, 8, 8, 8, 8, 10, 18, 22
3, 8, 8, 8, 9, 12, 13, 19
3, 8, 8, 8, 10, 12, 15, 15
3, 8, 8, 13, 13, 13, 18, 22
3, 8, 9, 9, 9, 10, 12, 23
3, 8, 9, 9, 10, 10, 18, 18
3, 8, 9, 9, 10, 16, 19, 22
3, 8, 9, 9, 18, 18, 19, 19
3, 8, 9, 10, 13, 13, 21, 22
3, 8, 9, 10, 16, 22, 22, 22
3, 8, 9, 10, 18, 18, 18, 22
3, 8, 9, 12, 12, 15, 23, 23
3, 8, 9, 12, 12, 16, 19, 23
3, 8, 9, 12, 16, 22, 22, 23
3, 8, 9, 13, 13, 13, 21, 21
3, 8, 9, 13, 15, 15, 15, 18
3, 8, 9, 13, 15, 16, 16, 22
3, 8, 9, 15, 15, 16, 18, 18
3, 8, 10, 12, 13, 18, 19, 21
3, 8, 10, 19, 19, 21, 21, 22
3, 8, 11, 19, 22, 22, 23, 23
3, 8, 12, 12, 15, 18, 18, 19
3, 9, 9, 9, 10, 12, 22, 23
3, 9, 9, 9, 16, 18, 23, 23
3, 9, 9, 15, 15, 16, 19, 22
3, 9, 9, 15, 19, 19, 19, 23
3, 9, 11, 12, 13, 18, 21, 21
3, 9, 11, 12, 21, 21, 21, 21
3, 9, 11, 15, 15, 15, 19, 23
3, 9, 11, 15, 15, 18, 18, 21
3, 9, 12, 15, 21, 21, 22, 23
3, 9, 15, 16, 19, 19, 21, 23
3, 9, 18, 18, 21, 22, 22, 22
3, 9, 18, 19, 21, 22, 22, 22
3, 10, 10, 15, 15, 15, 19, 19
3, 10, 11, 12, 22, 22, 22, 23
3, 10, 12, 16, 19, 19, 22, 22
3, 10, 15, 16, 19, 21, 21, 22
3, 10, 15, 16, 21, 21, 22, 23
3, 10, 16, 16, 18, 21, 21, 21
3, 11, 12, 12, 15, 15, 15, 22
3, 11, 12, 12, 18, 21, 21, 22
3, 11, 15, 18, 18, 18, 19, 19
3, 11, 15, 22, 22, 22, 22, 23
3, 12, 12, 12, 13, 18, 18, 23
3, 12, 12, 12, 15, 18, 22, 23
3, 12, 12, 12, 19, 21, 21, 21
3, 12, 13, 16, 18, 19, 21, 23
3, 13, 15, 15, 19, 21, 21, 23
3, 13, 16, 18, 18, 18, 21, 23
3, 15, 19, 19, 21, 22, 22, 22
4, 4, 4, 5, 7, 10, 15, 15
4, 4, 5, 7, 13, 13, 15, 18
4, 4, 5, 8, 12, 12, 15, 18
4, 4, 5, 12, 18, 18, 19, 19
4, 4, 5, 15, 15, 18, 18, 22
4, 4, 5, 15, 19, 19, 22, 22
4, 4, 6, 7, 8, 8, 8, 18
4, 4, 6, 8, 8, 8, 9, 18
4, 4, 7, 7, 8, 9, 9, 9
4, 4, 7, 8, 13, 13, 19, 22
4, 4, 7, 8, 19, 19, 21, 22
4, 4, 7, 9, 9, 13, 18, 18
4, 4, 7, 9, 9, 13, 18, 19
4, 4, 7, 9, 13, 15, 15, 21
4, 4, 7, 9, 13, 21, 21, 23
4, 4, 7, 13, 15, 19, 21, 23
4, 4, 8, 8, 8, 9, 10, 15
4, 4, 8, 8, 8, 13, 19, 22
4, 4, 8, 8, 8, 15, 18, 21
4, 4, 8, 8, 9, 11, 12, 12
4, 4, 8, 8, 15, 18, 21, 22
4, 4, 8, 8, 16, 16, 22, 22
4, 4, 8, 9, 13, 15, 22, 22
4, 4, 8, 10, 11, 18, 21, 22
4, 4, 8, 12, 12, 13, 15, 23
4, 4, 8, 12, 12, 15, 15, 22
4, 4, 8, 12, 13, 18, 19, 23
4, 4, 8, 13, 18, 19, 19, 22
4, 4, 9, 9, 9, 9, 15, 23
4, 4, 10, 10, 18, 21, 21, 23
4, 4, 10, 12, 12, 13, 15, 23
4, 4, 10, 15, 18, 19, 22, 22
4, 4, 12, 16, 18, 22, 22, 23
4, 4, 13, 13, 15, 18, 18, 19
4, 4, 19, 19, 19, 19, 21, 22
4, 5, 5, 5, 7, 7, 12, 16
4, 5, 5, 6, 7, 12, 15, 18
4, 5, 5, 6, 12, 15, 18, 22
4, 5, 5, 7, 18, 18, 18, 18
4, 5, 5, 9, 9, 21, 21, 22
4, 5, 6, 6, 12, 18, 21, 22
4, 5, 6, 7, 7, 8, 8, 23
4, 5, 6, 7, 9, 15, 19, 19
4, 5, 6, 8, 12, 12, 12, 12
4, 5, 6, 12, 12, 12, 21, 23
4, 5, 7, 7, 10, 10, 15, 18
4, 5, 7, 9, 9, 10, 19, 22
4, 5, 7, 9, 12, 15, 22, 22
4, 5, 7, 10, 18, 18, 18, 21
4, 5, 7, 12, 16, 19, 21, 23
4, 5, 7, 13, 16, 18, 18, 21
4, 5, 8, 8, 8, 12, 22, 23
4, 5, 8, 8, 21, 22, 22, 23
4, 5, 8, 9, 12, 12, 15, 21
4, 5, 8, 10, 12, 18, 19, 21
4, 5, 8, 11, 15, 18, 18, 23
4, 5, 8, 13, 13, 13, 18, 21
4, 5, 9, 12, 12, 15, 16, 18
4, 5, 9, 12, 13, 15, 16, 21
4, 5, 10, 10, 12, 15, 18, 23
4, 5, 12, 12, 12, 18, 19, 22
4, 5, 12, 13, 15, 15, 16, 18
4, 5, 15, 15, 15, 15, 22, 22
4, 5, 15, 16, 16, 18, 21, 22
4, 5, 18, 19, 21, 21, 21, 23
4, 6, 6, 6, 7, 7, 15, 18
4, 6, 6, 8, 13, 13, 22, 22
4, 6, 6, 9, 9, 13, 15, 22
4, 6, 6, 12, 12, 13, 15, 22
4, 6, 7, 7, 10, 12, 18, 23
4, 6, 7, 7, 15, 18, 18, 18
4, 6, 7, 9, 9, 9, 13, 19
4, 6, 7, 9, 9, 10, 12, 18
4, 6, 7, 9, 16, 22, 22, 23
4, 6, 7, 10, 10, 21, 21, 22
4, 6, 7, 10, 11, 12, 18, 21
4, 6, 7, 10, 22, 22, 23, 23
4, 6, 8, 8, 8, 8, 19, 22
4, 6, 8, 8, 10, 10, 21, 23
4, 6, 8, 8, 10, 11, 18, 21
4, 6, 8, 9, 18, 18, 21, 23
4, 6, 8, 13, 16, 21, 21, 23
4, 6, 8, 18, 21, 21, 23, 23
4, 6, 9, 9, 13, 15, 15, 18
4, 6, 9, 9, 15, 22, 22, 22
4, 6, 9, 18, 18, 19, 21, 22
4, 6, 10, 10, 12, 12, 22, 23
4, 6, 10, 16, 18, 18, 18, 21
4, 6, 12, 13, 15, 18, 21, 23
4, 7, 7, 7, 8, 11, 11, 21
4, 7, 7, 7, 8, 21, 21, 23
4, 7, 7, 7, 12, 16, 16, 19
4, 7, 7, 8, 8, 10, 15, 23
4, 7, 7, 9, 12, 15, 22, 22
4, 7, 7, 9, 13, 18, 19, 22
4, 7, 7, 10, 10, 10, 23, 23
4, 7, 7, 10, 12, 15, 23, 23
4, 7, 7, 11, 13, 15, 15, 21
4, 7, 7, 11, 21, 21, 21, 22
4, 7, 7, 12, 15, 22, 22, 23
4, 7, 7, 13, 18, 19, 22, 22
4, 7, 8, 8, 9, 13, 13, 22
4, 7, 8, 8, 11, 18, 22, 22
4, 7, 8, 8, 13, 13, 13, 19
4, 7, 8, 9, 10, 11, 15, 19
4, 7, 8, 9, 11, 12, 13, 21
4, 7, 8, 10, 13, 18, 19, 19
4, 7, 8, 11, 13, 15, 18, 22
4, 7, 8, 13, 13, 15, 19, 19
4, 7, 8, 13, 18, 21, 22, 22
4, 7, 8, 13, 21, 21, 21, 21
4, 7, 8, 16, 22, 23, 23, 23
4, 7, 9, 9, 12, 18, 18, 22
4, 7, 9, 10, 12, 15, 15, 23
4, 7, 9, 10, 12, 16, 18, 21
4, 7, 9, 12, 15, 18, 21, 21
4, 7, 9, 21, 22, 22, 22, 22
4, 7, 10, 11, 12, 15, 21, 21
4, 7, 10, 11, 13, 21, 21, 21
4, 7, 10, 13, 18, 19, 23, 23
4, 7, 16, 19, 21, 22, 22, 23
4, 8, 8, 8, 8, 8, 8, 15
4, 8, 8, 8, 8, 8, 22, 22
4, 8, 8, 8, 8, 16, 21, 22
4, 8, 8, 8, 9, 11, 18, 22
4, 8, 8, 8, 18, 22, 22, 23
4, 8, 8, 9, 13, 13, 15, 23
4, 8, 8, 9, 13, 15, 16, 22
4, 8, 8, 10, 10, 15, 21, 21
4, 8, 8, 15, 15, 16, 18, 22
4, 8, 9, 9, 10, 16, 18, 19
4, 8, 9, 9, 12, 18, 22, 22
4, 8, 9, 10, 15, 18, 18, 22
4, 8, 9, 10, 15, 18, 22, 23
4, 8, 9, 12, 12, 15, 15, 18
4, 8, 10, 10, 12, 12, 12, 12
4, 8, 10, 10, 13, 15, 18, 19
4, 8, 10, 10, 16, 19, 22, 22
4, 8, 10, 11, 12, 13, 22, 22
4, 8, 10, 12, 18, 19, 19, 23
4, 8, 10, 13, 15, 23, 23, 23
4, 8, 11, 13, 15, 15, 15, 23
4, 8, 11, 19, 19, 22, 22, 22
4, 8, 12, 12, 12, 13, 15, 18
4, 8, 12, 12, 18, 18, 21, 23
4, 8, 12, 13, 15, 19, 21, 23
4, 8, 12, 15, 15, 18, 19, 21
4, 8, 12, 15, 16, 16, 16, 21
4, 8, 12, 15, 18, 21, 21, 22
4, 8, 12, 16, 18, 21, 21, 23
4, 8, 15, 15, 16, 18, 18, 18
4, 8, 16, 18, 18, 21, 22, 23
4, 8, 16, 19, 19, 22, 22, 23
4, 9, 9, 9, 15, 19, 19, 23
4, 9, 9, 9, 16, 19, 21, 23
4, 9, 9, 10, 10, 12, 15, 19
4, 9, 9, 10, 12, 12, 16, 23
4, 9, 9, 12, 13, 13, 15, 19
4, 9, 9, 12, 13, 18, 22, 23
4, 9, 9, 12, 15, 15, 19, 19
4, 9, 10, 13, 22, 22, 22, 22
4, 9, 12, 12, 19, 21, 21, 21
4, 9, 12, 13, 15, 23, 23, 23
4, 9, 13, 16, 18, 18, 22, 22
4, 9, 15, 18, 19, 19, 22, 22
4, 10, 11, 12, 18, 21, 21, 22
4, 10, 12, 12, 12, 13, 18, 23
4, 10, 12, 18, 19, 21, 21, 21
4, 11, 12, 12, 12, 19, 21, 22
4, 11, 12, 15, 15, 16, 21, 21
4, 11, 19, 21, 21, 21, 21, 21
4, 12, 12, 12, 19, 21, 21, 23
4, 12, 12, 15, 22, 22, 22, 23
4, 12, 12, 16, 16, 18, 18, 19
4, 12, 13, 13, 15, 15, 22, 23
4, 12, 13, 15, 15, 15, 16, 22
4, 12, 13, 15, 15, 19, 19, 23
4, 12, 13, 16, 16, 18, 22, 22
4, 12, 13, 18, 22, 22, 22, 22
4, 12, 15, 15, 16, 18, 18, 23
4, 12, 15, 18, 19, 22, 22, 23
4, 12, 18, 18, 19, 21, 21, 22
4, 13, 19, 21, 22, 22, 22, 23
4, 15, 15, 16, 19, 19, 21, 23
5, 5, 5, 6, 8, 8, 9, 12
5, 5, 5, 6, 8, 12, 15, 15
5, 5, 5, 6, 8, 15, 15, 23
5, 5, 5, 7, 7, 7, 7, 15
5, 5, 5, 7, 8, 12, 12, 16
5, 5, 5, 7, 8, 13, 15, 21
5, 5, 5, 7, 12, 19, 19, 19
5, 5, 5, 8, 8, 12, 15, 19
5, 5, 5, 8, 8, 19, 19, 22
5, 5, 5, 8, 8, 19, 21, 23
5, 5, 5, 8, 9, 10, 12, 21
5, 5, 5, 8, 9, 13, 15, 15
5, 5, 5, 9, 9, 12, 12, 23
5, 5, 5, 9, 18, 18, 19, 23
5, 5, 5, 10, 12, 18, 22, 22
5, 5, 6, 6, 7, 7, 12, 12
5, 5, 6, 6, 7, 12, 19, 21
5, 5, 6, 7, 15, 15, 18, 19
5, 5, 6, 8, 8, 8, 12, 12
5, 5, 6, 8, 8, 8, 13, 21
5, 5, 6, 8, 12, 15, 16, 19
5, 5, 6, 13, 18, 21, 22, 22
5, 5, 6, 18, 21, 21, 21, 23
5, 5, 7, 7, 9, 13, 19, 22
5, 5, 7, 8, 12, 16, 16, 19
5, 5, 7, 8, 12, 21, 21, 23
5, 5, 7, 9, 10, 10, 19, 21
5, 5, 7, 9, 15, 15, 19, 22
5, 5, 7, 10, 12, 18, 18, 21
5, 5, 7, 10, 16, 19, 22, 22
5, 5, 7, 11, 15, 15, 18, 21
5, 5, 7, 11, 15, 15, 19, 21
5, 5, 7, 12, 13, 15, 23, 23
5, 5, 7, 13, 18, 18, 18, 23
5, 5, 7, 13, 18, 21, 21, 23
5, 5, 8, 8, 9, 10, 16, 19
5, 5, 8, 8, 11, 18, 21, 23
5, 5, 8, 9, 12, 15, 18, 22
5, 5, 8, 10, 13, 13, 18, 18
5, 5, 8, 10, 19, 21, 22, 23
5, 5, 8, 12, 13, 19, 23, 23
5, 5, 8, 15, 19, 21, 21, 23
5, 5, 8, 21, 21, 23, 23, 23
5, 5, 9, 10, 12, 12, 18, 23
5, 5, 12, 12, 21, 21, 21, 23
5, 5, 12, 19, 21, 21, 21, 21
5, 5, 13, 15, 15, 15, 16, 21
5, 5, 15, 16, 16, 18, 18, 21
5, 5, 15, 16, 18, 18, 21, 21
5, 5, 15, 16, 21, 21, 21, 23
5, 5, 21, 21, 21, 21, 21, 21
5, 6, 6, 6, 15, 15, 18, 19
5, 6, 6, 7, 9, 13, 18, 22
5, 6, 6, 7, 18, 23, 23, 23
5, 6, 6, 9, 15, 21, 22, 22
5, 6, 6, 12, 12, 18, 22, 23
5, 6, 7, 7, 7, 10, 12, 18
5, 6, 7, 7, 9, 12, 13, 23
5, 6, 7, 8, 10, 12, 13, 23
5, 6, 7, 8, 12, 15, 19, 23
5, 6, 7, 8, 13, 15, 15, 22
5, 6, 7, 8, 18, 18, 18, 23
5, 6, 7, 10, 10, 10, 22, 22
5, 6, 7, 10, 13, 21, 21, 23
5, 6, 7, 12, 15, 18, 21, 23
5, 6, 7, 15, 16, 21, 21, 23
5, 6, 7, 16, 18, 21, 22, 22
5, 6, 8, 8, 9, 12, 16, 18
5, 6, 8, 8, 13, 16, 19, 22
5, 6, 8, 9, 12, 15, 16, 22
5, 6, 8, 10, 10, 15, 22, 22
5, 6, 8, 13, 15, 15, 19, 23
5, 6, 8, 16, 16, 21, 22, 22
5, 6, 9, 9, 10, 10, 15, 18
5, 6, 9, 12, 12, 12, 22, 23
5, 6, 9, 13, 15, 18, 23, 23
5, 6, 9, 15, 19, 19, 19, 21
5, 6, 10, 18, 18, 19, 21, 22
5, 6, 12, 15, 15, 16, 22, 22
5, 6, 12, 15, 19, 22, 23, 23
5, 6, 13, 15, 15, 22, 22, 23
5, 6, 13, 15, 18, 18, 21, 21
5, 6, 15, 18, 19, 22, 22, 22
5, 7, 7, 7, 11, 12, 12, 23
5, 7, 7, 9, 10, 11, 19, 21
5, 7, 7, 9, 12, 22, 23, 23
5, 7, 7, 9, 18, 18, 18, 23
5, 7, 7, 10, 13, 18, 22, 22
5, 7, 7, 10, 16, 18, 19, 19
5, 7, 7, 11, 11, 12, 15, 21
5, 7, 7, 12, 12, 12, 18, 22
5, 7, 7, 12, 13, 16, 19, 22
5, 7, 7, 12, 18, 19, 21, 21
5, 7, 8, 8, 8, 10, 19, 19
5, 7, 8, 8, 9, 11, 15, 18
5, 7, 8, 8, 12, 12, 15, 22
5, 7, 8, 8, 12, 13, 15, 19
5, 7, 8, 9, 16, 18, 22, 23
5, 7, 8, 10, 10, 12, 22, 22
5, 7, 8, 10, 13, 19, 21, 21
5, 7, 8, 12, 12, 16, 21, 22
5, 7, 9, 9, 9, 10, 11, 12
5, 7, 9, 9, 9, 13, 13, 21
5, 7, 9, 9, 15, 15, 16, 21
5, 7, 9, 9, 21, 21, 23, 23
5, 7, 9, 10, 12, 15, 16, 23
5, 7, 9, 11, 12, 15, 18, 19
5, 7, 9, 12, 19, 19, 21, 22
5, 7, 10, 10, 10, 15, 18, 21
5, 7, 10, 10, 12, 13, 22, 22
5, 7, 10, 10, 16, 22, 22, 22
5, 7, 10, 12, 12, 21, 22, 22
5, 7, 10, 12, 16, 18, 22, 23
5, 7, 10, 15, 15, 19, 19, 19
5, 7, 11, 11, 12, 15, 21, 22
5, 7, 11, 12, 13, 15, 15, 23
5, 7, 12, 12, 21, 21, 21, 21
5, 7, 12, 19, 21, 23, 23, 23
5, 7, 13, 13, 19, 21, 23, 23
5, 7, 15, 15, 18, 19, 22, 22
5, 7, 15, 21, 22, 22, 22, 22
5, 8, 8, 8, 8, 10, 16, 19
5, 8, 8, 8, 8, 11, 16, 22
5, 8, 8, 8, 12, 15, 21, 22
5, 8, 8, 9, 9, 10, 19, 21
5, 8, 8, 9, 9, 18, 18, 21
5, 8, 8, 9, 10, 12, 19, 19
5, 8, 8, 9, 12, 23, 23, 23
5, 8, 8, 9, 13, 15, 19, 21
5, 8, 8, 11, 15, 16, 18, 22
5, 8, 8, 19, 21, 22, 22, 23
5, 8, 9, 9, 9, 11, 21, 23
5, 8, 9, 9, 10, 13, 18, 19
5, 8, 9, 9, 10, 15, 19, 23
5, 8, 9, 11, 12, 18, 19, 21
5, 8, 9, 11, 15, 19, 21, 21
5, 8, 9, 12, 12, 15, 21, 22
5, 8, 9, 12, 15, 18, 23, 23
5, 8, 9, 15, 16, 16, 18, 22
5, 8, 9, 15, 22, 22, 22, 23
5, 8, 9, 16, 18, 18, 19, 23
5, 8, 9, 18, 18, 18, 19, 19
5, 8, 10, 10, 18, 18, 18, 19
5, 8, 10, 12, 15, 16, 18, 18
5, 8, 10, 12, 15, 18, 19, 21
5, 8, 10, 13, 16, 18, 18, 19
5, 8, 10, 18, 21, 23, 23, 23
5, 8, 12, 12, 16, 19, 21, 21
5, 8, 12, 13, 15, 21, 22, 22
5, 8, 13, 13, 19, 19, 19, 21
5, 8, 13, 16, 16, 18, 18, 18
5, 8, 13, 16, 22, 22, 22, 23
5, 8, 15, 16, 16, 16, 18, 22
5, 8, 15, 16, 21, 21, 23, 23
5, 8, 15, 18, 18, 22, 23, 23
5, 8, 18, 18, 18, 18, 18, 18
5, 9, 9, 10, 10, 10, 15, 22
5, 9, 9, 10, 12, 15, 18, 19
5, 9, 9, 10, 12, 16, 18, 22
5, 9, 9, 10, 12, 19, 19, 21
5, 9, 9, 12, 13, 13, 21, 22
5, 9, 9, 12, 13, 13, 22, 23
5, 9, 9, 12, 13, 15, 15, 16
5, 9, 9, 12, 19, 19, 21, 22
5, 9, 10, 10, 10, 15, 18, 22
5, 9, 10, 10, 12, 15, 21, 22
5, 9, 10, 12, 15, 16, 18, 19
5, 9, 11, 15, 15, 16, 22, 22
5, 9, 12, 13, 13, 16, 21, 21
5, 9, 13, 16, 19, 21, 21, 22
5, 9, 13, 19, 21, 21, 22, 22
5, 10, 10, 10, 21, 22, 22, 22
5, 10, 10, 12, 12, 12, 23, 23
5, 10, 12, 12, 12, 22, 22, 22
5, 10, 12, 12, 12, 22, 23, 23
5, 10, 12, 12, 15, 15, 16, 23
5, 10, 12, 13, 13, 15, 15, 19
5, 10, 13, 13, 18, 18, 19, 21
5, 10, 13, 16, 21, 21, 21, 22
5, 10, 13, 18, 19, 19, 21, 21
5, 10, 13, 19, 21, 22, 22, 22
5, 10, 15, 15, 18, 19, 19, 23
5, 10, 15, 15, 18, 19, 21, 23
5, 10, 15, 15, 19, 21, 23, 23
5, 10, 15, 18, 18, 21, 21, 21
5, 11, 13, 15, 15, 21, 22, 23
5, 12, 12, 21, 21, 21, 22, 22
5, 12, 13, 19, 21, 22, 22, 22
5, 12, 16, 16, 21, 21, 21, 22
5, 13, 13, 13, 15, 18, 19, 22
5, 13, 13, 18, 18, 19, 22, 23
5, 15, 15, 16, 18, 22, 23, 23
6, 6, 6, 6, 6, 7, 21, 21
6, 6, 6, 6, 8, 15, 18, 23
6, 6, 6, 6, 15, 18, 22, 22
6, 6, 6, 7, 7, 8, 15, 21
6, 6, 6, 7, 7, 9, 21, 22
6, 6, 6, 7, 7, 18, 18, 23
6, 6, 6, 7, 8, 11, 18, 18
6, 6, 6, 7, 8, 13, 18, 18
6, 6, 6, 8, 18, 18, 18, 21
6, 6, 7, 7, 7, 8, 15, 18
6, 6, 7, 8, 8, 10, 12, 13
6, 6, 7, 8, 12, 13, 19, 23
6, 6, 7, 9, 9, 10, 16, 18
6, 6, 7, 9, 10, 21, 22, 22
6, 6, 7, 9, 11, 22, 22, 23
6, 6, 7, 9, 21, 21, 22, 22
6, 6, 7, 12, 15, 15, 19, 21
6, 6, 7, 12, 15, 16, 16, 18
6, 6, 7, 15, 15, 16, 21, 23
6, 6, 8, 8, 8, 9, 13, 22
6, 6, 8, 8, 8, 12, 13, 22
6, 6, 8, 8, 13, 13, 13, 22
6, 6, 8, 8, 13, 15, 16, 23
6, 6, 8, 8, 13, 15, 19, 23
6, 6, 8, 9, 12, 18, 19, 19
6, 6, 8, 9, 15, 18, 18, 18
6, 6, 8, 9, 18, 21, 22, 22
6, 6, 8, 10, 10, 13, 18, 18
6, 6, 8, 15, 19, 23, 23, 23
6, 6, 9, 12, 19, 19, 19, 22
6, 6, 9, 13, 15, 18, 18, 19
6, 6, 10, 10, 12, 12, 21, 23
6, 6, 11, 12, 12, 21, 21, 23
6, 6, 12, 12, 12, 12, 21, 21
6, 6, 15, 15, 16, 18, 18, 18
6, 7, 7, 7, 8, 21, 21, 23
6, 7, 7, 7, 9, 13, 13, 19
6, 7, 7, 7, 18, 23, 23, 23
6, 7, 7, 8, 8, 12, 15, 15
6, 7, 7, 8, 12, 12, 13, 13
6, 7, 7, 8, 12, 16, 19, 22
6, 7, 7, 9, 9, 9, 18, 19
6, 7, 7, 9, 9, 15, 16, 21
6, 7, 7, 9, 10, 12, 13, 15
6, 7, 7, 10, 10, 12, 23, 23
6, 7, 7, 11, 12, 12, 13, 13
6, 7, 7, 11, 19, 19, 22, 22
6, 7, 7, 18, 18, 18, 21, 22
6, 7, 8, 8, 8, 11, 19, 21
6, 7, 8, 8, 10, 11, 16, 22
6, 7, 8, 8, 12, 12, 16, 22
6, 7, 8, 9, 9, 11, 15, 16
6, 7, 8, 10, 10, 10, 12, 13
6, 7, 8, 10, 15, 18, 18, 18
6, 7, 8, 12, 18, 22, 23, 23
6, 7, 8, 13, 13, 15, 16, 22
6, 7, 8, 16, 18, 18, 19, 22
6, 7, 9, 9, 10, 16, 22, 22
6, 7, 9, 9, 11, 12, 12, 12
6, 7, 9, 11, 12, 16, 18, 22
6, 7, 9, 12, 16, 16, 18, 21
6, 7, 9, 13, 13, 19, 19, 22
6, 7, 10, 10, 18, 18, 18, 18
6, 7, 10, 12, 12, 18, 19, 22
6, 7, 10, 15, 16, 21, 21, 21
6, 7, 11, 11, 12, 12, 15, 21
6, 7, 11, 12, 18, 19, 22, 22
6, 7, 11, 15, 16, 18, 18, 21
6, 7, 12, 12, 15, 15, 21, 21
6, 7, 12, 13, 13, 13, 18, 21
6, 7, 12, 13, 16, 16, 21, 22
6, 7, 12, 15, 15, 16, 19, 22
6, 7, 12, 15, 18, 18, 21, 22
6, 7, 12, 16, 16, 18, 19, 21
6, 7, 12, 18, 18, 19, 21, 23
6, 7, 12, 18, 22, 23, 23, 23
6, 7, 13, 13, 13, 13, 15, 22
6, 7, 13, 13, 16, 18, 19, 22
6, 8, 8, 8, 8, 13, 18, 19
6, 8, 8, 8, 8, 13, 19, 19
6, 8, 8, 8, 9, 11, 15, 19
6, 8, 8, 8, 11, 13, 22, 23
6, 8, 8, 8, 12, 16, 18, 18
6, 8, 8, 9, 9, 10, 10, 19
6, 8, 8, 9, 11, 12, 13, 18
6, 8, 8, 9, 12, 13, 13, 18
6, 8, 8, 10, 10, 10, 15, 23
6, 8, 8, 10, 10, 15, 18, 23
6, 8, 8, 10, 11, 21, 22, 23
6, 8, 8, 12, 12, 12, 12, 19
6, 8, 9, 9, 9, 9, 16, 21
6, 8, 9, 9, 10, 10, 12, 13
6, 8, 9, 9, 10, 12, 21, 21
6, 8, 9, 9, 10, 15, 16, 21
6, 8, 9, 9, 11, 15, 21, 22
6, 8, 9, 11, 12, 21, 22, 23
6, 8, 9, 11, 15, 15, 18, 22
6, 8, 9, 12, 12, 15, 16, 22
6, 8, 9, 12, 18, 19, 21, 22
6, 8, 10, 10, 13, 13, 15, 18
6, 8, 10, 10, 13, 15, 19, 22
6, 8, 10, 13, 16, 22, 22, 22
6, 8, 11, 12, 16, 18, 19, 21
6, 8, 12, 12, 16, 18, 18, 23
6, 8, 12, 16, 16, 22, 23, 23
6, 9, 9, 9, 12, 16, 18, 22
6, 9, 9, 9, 16, 18, 21, 21
6, 9, 9, 9, 19, 21, 22, 23
6, 9, 9, 10, 12, 12, 13, 13
6, 9, 9, 11, 12, 21, 22, 23
6, 9, 9, 12, 12, 18, 21, 22
6, 9, 9, 12, 12, 19, 19, 23
6, 9, 10, 15, 15, 18, 18, 19
6, 9, 10, 15, 18, 18, 18, 18
6, 9, 12, 12, 13, 15, 18, 23
6, 9, 13, 13, 15, 22, 22, 22
6, 9, 13, 18, 18, 18, 19, 23
6, 9, 15, 15, 15, 16, 18, 21
6, 9, 15, 15, 15, 18, 18, 21
6, 10, 10, 10, 15, 18, 22, 23
6, 10, 10, 16, 18, 18, 18, 18
6, 10, 12, 12, 13, 16, 21, 21
6, 10, 12, 13, 15, 18, 19, 23
6, 10, 12, 15, 15, 15, 19, 22
6, 10, 12, 16, 21, 21, 22, 23
6, 10, 13, 15, 15, 18, 18, 23
6, 10, 13, 18, 18, 18, 19, 23
6, 10, 13, 18, 18, 21, 21, 23
6, 11, 12, 12, 15, 15, 16, 22
6, 11, 13, 15, 15, 18, 18, 21
6, 11, 13, 15, 18, 18, 18, 19
6, 11, 13, 15, 18, 21, 21, 22
6, 11, 15, 15, 15, 16, 21, 21
6, 12, 12, 12, 12, 16, 18, 23
6, 12, 12, 12, 15, 15, 15, 15
6, 12, 12, 12, 19, 21, 21, 21
6, 12, 12, 18, 18, 18, 19, 23
6, 12, 12, 22, 23, 23, 23, 23
6, 12, 15, 22, 22, 23, 23, 23
6, 12, 16, 18, 18, 22, 22, 23
6, 13, 13, 15, 15, 18, 19, 21
6, 13, 13, 15, 18, 18, 21, 21
6, 13, 15, 18, 18, 19, 23, 23
6, 13, 15, 19, 21, 23, 23, 23
6, 13, 21, 22, 23, 23, 23, 23
6, 15, 15, 15, 15, 15, 21, 22
6, 15, 15, 16, 18, 18, 19, 22
6, 15, 15, 18, 18, 21, 22, 23
6, 15, 15, 19, 19, 19, 21, 21
6, 15, 15, 19, 19, 19, 22, 22
6, 15, 16, 21, 22, 22, 23, 23
6, 15, 18, 18, 18, 18, 18, 23
6, 15, 18, 19, 19, 21, 21, 21
6, 18, 18, 21, 21, 21, 21, 21
7, 7, 7, 7, 7, 7, 16, 22
7, 7, 7, 7, 8, 10, 10, 12
7, 7, 7, 7, 9, 12, 15, 16
7, 7, 7, 8, 9, 10, 19, 22
7, 7, 7, 8, 9, 10, 21, 23
7, 7, 7, 8, 11, 12, 16, 22
7, 7, 7, 8, 11, 12, 18, 22
7, 7, 7, 8, 15, 15, 21, 23
7, 7, 7, 9, 11, 12, 15, 22
7, 7, 7, 9, 16, 16, 21, 23
7, 7, 7, 10, 10, 16, 19, 21
7, 7, 7, 10, 15, 15, 18, 18
7, 7, 7, 10, 19, 23, 23, 23
7, 7, 7, 13, 13, 13, 13, 13
7, 7, 7, 19, 19, 21, 22, 23
7, 7, 8, 8, 8, 12, 16, 22
7, 7, 8, 8, 9, 9, 12, 19
7, 7, 8, 8, 9, 10, 13, 16
7, 7, 8, 8, 9, 11, 11, 21
7, 7, 8, 8, 10, 10, 18, 21
7, 7, 8, 8, 10, 11, 16, 18
7, 7, 8, 8, 13, 19, 19, 23
7, 7, 8, 8, 15, 16, 19, 22
7, 7, 8, 8, 18, 21, 21, 23
7, 7, 8, 9, 9, 13, 15, 21
7, 7, 8, 10, 10, 10, 10, 15
7, 7, 8, 10, 10, 19, 21, 23
7, 7, 8, 10, 12, 12, 15, 18
7, 7, 8, 12, 12, 18, 19, 19
7, 7, 9, 9, 13, 15, 16, 23
7, 7, 9, 11, 18, 21, 21, 23
7, 7, 9, 13, 13, 15, 23, 23
7, 7, 9, 13, 16, 18, 21, 22
7, 7, 10, 10, 10, 15, 19, 19
7, 7, 10, 10, 12, 12, 22, 23
7, 7, 10, 10, 13, 15, 15, 18
7, 7, 10, 10, 16, 18, 18, 23
7, 7, 10, 12, 12, 15, 19, 19
7, 7, 10, 12, 12, 16, 21, 22
7, 7, 10, 12, 12, 18, 18, 22
7, 7, 10, 12, 18, 18, 21, 21
7, 7, 11, 12, 18, 21, 22, 23
7, 7, 11, 15, 18, 18, 18, 18
7, 7, 12, 12, 18, 18, 18, 23
7, 7, 12, 12, 18, 18, 19, 23
7, 7, 12, 13, 16, 18, 19, 23
7, 7, 13, 13, 13, 13, 18, 23
7, 7, 15, 15, 18, 18, 19, 19
7, 7, 15, 16, 16, 18, 18, 22
7, 7, 15, 21, 21, 21, 21, 21
7, 7, 15, 21, 22, 22, 23, 23
7, 8, 8, 8, 12, 21, 22, 23
7, 8, 8, 9, 9, 9, 15, 18
7, 8, 8, 9, 12, 13, 16, 19
7, 8, 8, 12, 12, 18, 21, 22
7, 8, 8, 12, 15, 18, 21, 23
7, 8, 8, 16, 18, 21, 21, 21
7, 8, 9, 9, 9, 18, 22, 23
7, 8, 9, 9, 11, 16, 18, 21
7, 8, 9, 9, 12, 15, 18, 18
7, 8, 9, 9, 13, 16, 19, 19
7, 8, 9, 10, 10, 10, 10, 23
7, 8, 9, 10, 10, 15, 21, 22
7, 8, 9, 10, 11, 12, 12, 22
7, 8, 9, 12, 13, 21, 22, 22
7, 8, 9, 13, 13, 15, 16, 23
7, 8, 9, 15, 16, 16, 18, 21
7, 8, 9, 15, 16, 19, 21, 23
7, 8, 9, 15, 19, 19, 19, 22
7, 8, 9, 19, 21, 21, 21, 23
7, 8, 10, 10, 12, 16, 23, 23
7, 8, 10, 10, 13, 15, 23, 23
7, 8, 10, 10, 15, 18, 18, 19
7, 8, 10, 11, 12, 12, 22, 22
7, 8, 10, 12, 12, 18, 18, 21
7, 8, 10, 12, 13, 15, 21, 22
7, 8, 10, 13, 16, 16, 22, 23
7, 8, 10, 15, 15, 16, 16, 16
7, 8, 10, 16, 18, 18, 22, 23
7, 8, 11, 11, 12, 13, 18, 18
7, 8, 11, 12, 12, 13, 15, 23
7, 8, 11, 16, 16, 19, 21, 21
7, 8, 12, 12, 13, 15, 22, 22
7, 8, 12, 12, 15, 16, 19, 23
7, 8, 12, 12, 18, 18, 22, 23
7, 8, 12, 13, 13, 15, 15, 16
7, 8, 12, 13, 13, 16, 19, 22
7, 8, 12, 15, 15, 15, 15, 21
7, 8, 13, 13, 19, 23, 23, 23
7, 8, 13, 15, 15, 16, 16, 18
7, 8, 15, 16, 19, 21, 22, 22
7, 8, 15, 18, 18, 19, 19, 22
7, 8, 16, 21, 22, 22, 23, 23
7, 8, 18, 18, 19, 22, 22, 22
7, 9, 9, 9, 10, 12, 13, 19
7, 9, 9, 9, 10, 18, 22, 23
7, 9, 9, 10, 11, 12, 13, 15
7, 9, 9, 10, 12, 13, 23, 23
7, 9, 9, 10, 16, 16, 21, 23
7, 9, 9, 10, 16, 18, 19, 19
7, 9, 9, 11, 11, 12, 12, 12
7, 9, 9, 11, 13, 13, 15, 15
7, 9, 9, 12, 12, 13, 18, 23
7, 9, 9, 12, 13, 13, 15, 19
7, 9, 9, 13, 16, 19, 22, 22
7, 9, 9, 15, 16, 16, 19, 19
7, 9, 9, 16, 16, 18, 18, 21
7, 9, 9, 16, 19, 19, 23, 23
7, 9, 10, 10, 11, 18, 18, 19
7, 9, 10, 10, 12, 12, 12, 18
7, 9, 10, 10, 12, 12, 12, 19
7, 9, 10, 12, 12, 15, 15, 18
7, 9, 10, 12, 13, 15, 15, 15
7, 9, 10, 12, 13, 19, 21, 22
7, 9, 10, 13, 18, 18, 18, 21
7, 9, 10, 15, 15, 15, 18, 23
7, 9, 11, 12, 12, 13, 22, 22
7, 9, 11, 13, 16, 21, 21, 21
7, 9, 12, 13, 21, 21, 21, 22
7, 9, 12, 15, 16, 21, 22, 22
7, 9, 12, 18, 19, 21, 21, 21
7, 9, 13, 13, 16, 19, 19, 22
7, 9, 13, 13, 16, 21, 21, 21
7, 9, 16, 22, 22, 22, 22, 23
7, 9, 19, 22, 22, 22, 22, 23
7, 10, 10, 11, 13, 21, 21, 21
7, 10, 10, 12, 15, 18, 18, 19
7, 10, 10, 12, 15, 22, 23, 23
7, 10, 10, 13, 19, 21, 21, 23
7, 10, 11, 12, 12, 13, 15, 22
7, 10, 11, 12, 12, 13, 21, 21
7, 10, 12, 12, 13, 15, 18, 18
7, 10, 12, 13, 16, 18, 19, 19
7, 10, 15, 18, 19, 19, 19, 22
7, 10, 16, 19, 19, 22, 23, 23
7, 11, 11, 12, 15, 18, 21, 23
7, 11, 11, 18, 18, 18, 18, 19
7, 11, 12, 12, 12, 12, 15, 16
7, 11, 12, 12, 13, 13, 18, 23
7, 11, 12, 13, 15, 15, 15, 23
7, 11, 13, 13, 15, 18, 18, 22
7, 11, 16, 21, 21, 21, 22, 22
7, 12, 12, 13, 15, 15, 21, 22
7, 12, 12, 15, 21, 22, 22, 23
7, 12, 13, 13, 13, 19, 19, 22
7, 12, 13, 19, 19, 23, 23, 23
7, 13, 13, 13, 13, 18, 19, 21
7, 13, 13, 13, 13, 22, 22, 22
7, 13, 15, 15, 21, 22, 22, 22
7, 15, 15, 15, 15, 16, 19, 19
7, 15, 18, 18, 19, 19, 22, 22
7, 15, 19, 19, 19, 21, 21, 22
7, 16, 18, 18, 21, 21, 22, 23
7, 18, 19, 19, 19, 19, 22, 22
7, 21, 21, 21, 21, 21, 22, 23
8, 8, 8, 8, 8, 8, 21, 23
8, 8, 8, 8, 9, 9, 15, 23
8, 8, 8, 8, 9, 13, 18, 18
8, 8, 8, 8, 11, 13, 21, 23
8, 8, 8, 8, 13, 13, 13, 21
8, 8, 8, 8, 13, 13, 18, 23
8, 8, 8, 8, 15, 15, 21, 21
8, 8, 8, 8, 16, 18, 22, 23
8, 8, 8, 9, 12, 12, 12, 15
8, 8, 8, 9, 13, 13, 13, 15
8, 8, 8, 9, 13, 16, 18, 22
8, 8, 8, 9, 15, 16, 18, 23
8, 8, 8, 9, 22, 22, 23, 23
8, 8, 8, 10, 11, 12, 16, 16
8, 8, 8, 10, 11, 12, 18, 18
8, 8, 8, 10, 12, 12, 15, 23
8, 8, 8, 10, 12, 13, 16, 16
8, 8, 8, 11, 11, 12, 12, 18
8, 8, 8, 11, 16, 16, 21, 21
8, 8, 8, 11, 16, 18, 22, 23
8, 8, 8, 12, 12, 12, 13, 16
8, 8, 8, 12, 16, 16, 18, 21
8, 8, 8, 13, 13, 13, 15, 18
8, 8, 8, 13, 13, 13, 15, 19
8, 8, 8, 13, 18, 22, 22, 23
8, 8, 8, 15, 16, 21, 21, 22
8, 8, 9, 9, 9, 13, 19, 23
8, 8, 9, 9, 9, 16, 18, 18
8, 8, 9, 9, 10, 11, 15, 16
8, 8, 9, 9, 11, 13, 19, 22
8, 8, 9, 9, 11, 18, 18, 18
8, 8, 9, 9, 12, 12, 19, 22
8, 8, 9, 9, 12, 13, 13, 18
8, 8, 9, 9, 12, 15, 15, 21
8, 8, 9, 10, 10, 12, 13, 19
8, 8, 9, 10, 10, 15, 22, 23
8, 8, 9, 10, 11, 12, 13, 19
8, 8, 9, 10, 11, 15, 15, 15
8, 8, 9, 10, 11, 15, 16, 21
8, 8, 9, 10, 12, 13, 18, 19
8, 8, 9, 11, 13, 15, 16, 22
8, 8, 9, 11, 15, 16, 18, 21
8, 8, 9, 11, 15, 19, 21, 22
8, 8, 9, 13, 13, 23, 23, 23
8, 8, 9, 13, 15, 18, 22, 22
8, 8, 9, 13, 15, 19, 19, 22
8, 8, 9, 13, 18, 22, 22, 22
8, 8, 9, 18, 18, 19, 22, 23
8, 8, 10, 10, 13, 15, 19, 23
8, 8, 10, 10, 15, 15, 18, 18
8, 8, 10, 10, 15, 15, 18, 19
8, 8, 10, 11, 12, 13, 13, 21
8, 8, 10, 11, 13, 13, 15, 15
8, 8, 10, 12, 16, 18, 18, 23
8, 8, 10, 13, 15, 16, 18, 22
8, 8, 10, 13, 15, 16, 19, 21
8, 8, 10, 15, 15, 16, 22, 22
8, 8, 10, 16, 19, 22, 23, 23
8, 8, 10, 18, 21, 21, 22, 23
8, 8, 11, 11, 15, 16, 18, 22
8, 8, 11, 11, 15, 22, 23, 23
8, 8, 12, 13, 15, 15, 21, 22
8, 8, 12, 13, 15, 16, 16, 19
8, 8, 12, 13, 16, 18, 18, 23
8, 8, 12, 15, 15, 15, 18, 22
8, 8, 12, 18, 18, 18, 18, 19
8, 8, 13, 18, 18, 19, 22, 22
8, 8, 15, 15, 15, 15, 15, 16
8, 8, 15, 15, 15, 18, 19, 23
8, 8, 15, 15, 15, 19, 22, 23
8, 8, 15, 15, 18, 18, 18, 21
8, 8, 16, 16, 19, 19, 22, 23
8, 8, 18, 18, 18, 22, 22, 22
8, 8, 21, 21, 21, 22, 22, 23
8, 9, 9, 9, 9, 21, 23, 23
8, 9, 9, 9, 10, 10, 18, 21
8, 9, 9, 9, 10, 10, 19, 22
8, 9, 9, 9, 11, 18, 23, 23
8, 9, 9, 10, 10, 10, 15, 19
8, 9, 9, 10, 11, 15, 16, 22
8, 9, 9, 10, 11, 15, 18, 23
8, 9, 9, 10, 12, 15, 18, 18
8, 9, 9, 10, 12, 15, 18, 19
8, 9, 9, 10, 18, 19, 23, 23
8, 9, 9, 11, 15, 16, 18, 18
8, 9, 9, 11, 19, 19, 21, 21
8, 9, 9, 12, 13, 15, 19, 21
8, 9, 9, 12, 15, 18, 22, 22
8, 9, 9, 13, 15, 15, 15, 21
8, 9, 9, 15, 15, 18, 19, 23
8, 9, 9, 16, 18, 18, 18, 23
8, 9, 10, 10, 10, 12, 15, 16
8, 9, 10, 10, 12, 16, 16, 18
8, 9, 10, 10, 15, 18, 18, 22
8, 9, 10, 11, 12, 19, 19, 21
8, 9, 10, 12, 16, 16, 18, 21
8, 9, 10, 13, 13, 22, 23, 23
8, 9, 10, 13, 15, 21, 22, 23
8, 9, 10, 15, 16, 19, 19, 19
8, 9, 10, 18, 18, 18, 23, 23
8, 9, 10, 18, 19, 23, 23, 23
8, 9, 11, 12, 12, 12, 13, 13
8, 9, 11, 12, 12, 16, 18, 23
8, 9, 11, 15, 16, 18, 19, 22
8, 9, 11, 19, 21, 22, 22, 23
8, 9, 12, 12, 19, 21, 21, 21
8, 9, 12, 13, 18, 22, 22, 23
8, 9, 12, 15, 18, 19, 22, 22
8, 9, 13, 13, 15, 15, 16, 22
8, 9, 13, 13, 15, 15, 18, 22
8, 9, 13, 18, 18, 19, 21, 21
8, 9, 15, 15, 16, 18, 18, 18
8, 9, 15, 15, 16, 18, 18, 19
8, 9, 15, 18, 18, 21, 22, 22
8, 10, 10, 10, 10, 15, 19, 21
8, 10, 10, 10, 15, 15, 16, 23
8, 10, 10, 10, 15, 19, 19, 19
8, 10, 10, 10, 18, 22, 22, 22
8, 10, 10, 12, 13, 18, 21, 21
8, 10, 10, 15, 15, 16, 21, 22
8, 10, 10, 15, 15, 18, 19, 19
8, 10, 10, 15, 19, 19, 22, 22
8, 10, 11, 11, 12, 12, 12, 22
8, 10, 11, 11, 18, 18, 22, 22
8, 10, 11, 12, 12, 15, 15, 21
8, 10, 11, 12, 15, 18, 18, 22
8, 10, 11, 15, 15, 19, 22, 22
8, 10, 11, 15, 15, 22, 22, 23
8, 10, 12, 18, 19, 19, 23, 23
8, 10, 12, 18, 23, 23, 23, 23
8, 10, 13, 15, 16, 16, 18, 18
8, 10, 13, 15, 19, 21, 22, 22
8, 10, 15, 15, 15, 16, 18, 22
8, 10, 15, 18, 18, 21, 21, 22
8, 10, 22, 23, 23, 23, 23, 23
8, 11, 11, 12, 12, 18, 19, 22
8, 11, 11, 18, 18, 19, 22, 22
8, 11, 12, 15, 15, 22, 22, 22
8, 11, 13, 13, 15, 15, 15, 21
8, 11, 13, 13, 15, 15, 18, 22
8, 11, 13, 13, 19, 21, 21, 22
8, 11, 13, 15, 19, 21, 22, 22
8, 11, 15, 15, 18, 19, 23, 23
8, 11, 15, 15, 19, 21, 22, 22
8, 11, 15, 16, 18, 21, 23, 23
8, 11, 15, 18, 19, 19, 19, 22
8, 11, 15, 19, 19, 22, 22, 23
8, 11, 16, 16, 21, 21, 21, 22
8, 11, 16, 18, 21, 22, 22, 23
8, 12, 12, 12, 12, 15, 18, 23
8, 12, 12, 13, 16, 19, 22, 23
8, 12, 12, 18, 18, 22, 22, 22
8, 12, 12, 21, 21, 21, 21, 22
8, 12, 13, 15, 15, 18, 18, 19
8, 12, 15, 15, 16, 16, 16, 23
8, 12, 15, 18, 19, 22, 22, 22
8, 12, 16, 16, 16, 21, 22, 22
8, 13, 13, 13, 15, 18, 18, 19
8, 13, 13, 13, 15, 18, 18, 22
8, 13, 13, 15, 18, 21, 23, 23
8, 13, 13, 19, 19, 19, 22, 22
8, 13, 15, 15, 16, 16, 19, 21
8, 13, 15, 15, 21, 21, 22, 22
8, 13, 15, 16, 16, 16, 21, 21
8, 13, 15, 16, 16, 21, 21, 21
8, 13, 15, 16, 21, 21, 21, 22
8, 15, 15, 18, 18, 18, 19, 19
8, 15, 15, 18, 18, 19, 19, 19
8, 15, 19, 19, 21, 21, 22, 22
8, 16, 18, 19, 19, 21, 21, 21
9, 9, 9, 9, 9, 10, 15, 22
9, 9, 9, 9, 9, 10, 18, 18
9, 9, 9, 9, 9, 10, 18, 19
9, 9, 9, 9, 10, 10, 15, 21
9, 9, 9, 9, 10, 11, 12, 15
9, 9, 9, 10, 13, 19, 19, 22
9, 9, 9, 10, 15, 15, 16, 19
9, 9, 9, 12, 16, 18, 22, 23
9, 9, 9, 12, 16, 19, 21, 21
9, 9, 9, 15, 15, 16, 21, 23
9, 9, 9, 16, 21, 21, 22, 22
9, 9, 10, 10, 11, 15, 18, 21
9, 9, 10, 10, 11, 15, 22, 22
9, 9, 10, 12, 19, 19, 22, 22
9, 9, 10, 13, 15, 16, 18, 18
9, 9, 10, 13, 16, 21, 21, 21
9, 9, 10, 16, 19, 19, 21, 22
9, 9, 10, 18, 19, 21, 22, 23
9, 9, 11, 11, 15, 22, 22, 22
9, 9, 11, 12, 12, 15, 18, 22
9, 9, 11, 12, 13, 15, 19, 21
9, 9, 11, 12, 18, 19, 22, 22
9, 9, 11, 13, 15, 18, 21, 21
9, 9, 11, 15, 16, 18, 21, 23
9, 9, 11, 16, 21, 22, 22, 22
9, 9, 12, 12, 12, 15, 16, 22
9, 9, 12, 13, 13, 15, 18, 18
9, 9, 12, 13, 18, 18, 19, 19
9, 9, 12, 15, 15, 15, 21, 21
9, 9, 12, 15, 16, 16, 16, 22
9, 9, 12, 21, 21, 23, 23, 23
9, 9, 13, 13, 13, 13, 18, 21
9, 9, 13, 15, 16, 19, 21, 22
9, 9, 13, 15, 18, 18, 23, 23
9, 9, 15, 15, 15, 16, 16, 16
9, 9, 15, 19, 19, 22, 23, 23
9, 9, 16, 18, 18, 18, 19, 23
9, 9, 19, 19, 22, 22, 23, 23
9, 10, 10, 10, 10, 15, 21, 21
9, 10, 10, 12, 18, 21, 21, 21
9, 10, 10, 12, 19, 19, 21, 21
9, 10, 10, 15, 19, 19, 21, 21
9, 10, 10, 18, 21, 21, 21, 22
9, 10, 10, 19, 21, 21, 21, 22
9, 10, 11, 12, 12, 12, 18, 19
9, 10, 11, 18, 21, 21, 22, 23
9, 10, 11, 19, 21, 21, 22, 23
9, 10, 12, 12, 12, 12, 21, 22
9, 10, 12, 12, 12, 15, 15, 23
9, 10, 12, 12, 13, 18, 23, 23
9, 10, 12, 12, 18, 21, 21, 23
9, 10, 12, 12, 21, 21, 21, 22
9, 10, 12, 18, 19, 21, 22, 23
9, 10, 12, 19, 19, 21, 22, 23
9, 10, 13, 13, 15, 15, 21, 21
9, 10, 13, 13, 16, 21, 21, 22
9, 10, 13, 15, 16, 22, 22, 22
9, 10, 15, 15, 15, 16, 19, 22
9, 10, 15, 15, 18, 19, 19, 19
9, 11, 12, 12, 12, 16, 22, 23
9, 11, 12, 13, 18, 18, 21, 21
9, 11, 12, 15, 19, 21, 23, 23
9, 11, 13, 15, 15, 15, 22, 22
9, 11, 15, 18, 18, 19, 21, 21
9, 11, 16, 21, 21, 21, 21, 22
9, 12, 12, 12, 18, 19, 21, 23
9, 12, 12, 12, 21, 21, 22, 22
9, 12, 12, 13, 15, 16, 16, 21
9, 12, 12, 13, 15, 16, 23, 23
9, 12, 12, 13, 16, 19, 21, 21
9, 12, 12, 15, 15, 16, 16, 16
9, 12, 12, 19, 19, 21, 21, 21
9, 12, 12, 19, 21, 21, 21, 21
9, 12, 13, 19, 19, 22, 23, 23
9, 12, 15, 15, 15, 15, 15, 22
9, 12, 15, 15, 21, 21, 22, 22
9, 12, 15, 16, 16, 19, 19, 22
9, 12, 16, 16, 16, 22, 22, 22
9, 12, 19, 19, 19, 22, 22, 22
9, 13, 13, 13, 15, 15, 15, 15
9, 13, 13, 15, 15, 15, 15, 18
9, 13, 15, 16, 16, 18, 18, 19
9, 13, 15, 16, 16, 18, 18, 22
9, 15, 15, 15, 15, 16, 22, 22
9, 15, 15, 16, 16, 18, 18, 22
9, 15, 15, 18, 18, 21, 22, 22
9, 18, 18, 18, 21, 21, 23, 23
10, 10, 10, 10, 12, 15, 18, 18
10, 10, 10, 12, 12, 15, 18, 23
10, 10, 10, 12, 12, 19, 21, 22
10, 10, 10, 15, 19, 21, 21, 22
10, 10, 12, 12, 12, 13, 19, 21
10, 10, 12, 13, 13, 15, 19, 21
10, 10, 12, 13, 15, 15, 23, 23
10, 10, 12, 15, 15, 18, 19, 21
10, 10, 12, 15, 19, 22, 23, 23
10, 10, 12, 18, 19, 19, 19, 23
10, 10, 12, 19, 19, 22, 22, 23
10, 10, 15, 16, 18, 18, 21, 23
10, 10, 15, 19, 19, 19, 19, 22
10, 10, 16, 21, 21, 22, 22, 22
10, 11, 12, 12, 12, 19, 19, 22
10, 11, 12, 12, 16, 18, 21, 21
10, 11, 12, 19, 21, 22, 22, 23
10, 11, 15, 15, 15, 19, 21, 23
10, 11, 15, 16, 18, 22, 22, 22
10, 11, 18, 18, 18, 18, 22, 23
10, 12, 12, 13, 16, 19, 21, 23
10, 12, 12, 16, 18, 23, 23, 23
10, 12, 12, 16, 19, 22, 23, 23
10, 12, 13, 18, 18, 19, 19, 19
10, 12, 15, 16, 21, 22, 22, 23
10, 12, 15, 18, 18, 21, 21, 23
10, 12, 15, 19, 19, 21, 21, 22
10, 12, 18, 19, 19, 22, 22, 22
10, 12, 19, 19, 19, 22, 22, 22
10, 13, 13, 13, 15, 15, 21, 21
10, 13, 15, 16, 16, 18, 18, 18
10, 13, 16, 16, 18, 18, 18, 22
10, 15, 15, 15, 15, 19, 21, 22
10, 15, 15, 16, 16, 18, 22, 22
10, 15, 15, 16, 16, 18, 22, 23
10, 15, 18, 18, 18, 19, 19, 23
10, 18, 18, 18, 19, 19, 19, 21
10, 18, 18, 18, 19, 22, 23, 23
11, 11, 12, 12, 12, 12, 21, 22
11, 11, 12, 12, 12, 18, 22, 23
11, 11, 15, 15, 18, 19, 22, 22
11, 11, 15, 15, 21, 22, 22, 23
11, 12, 12, 12, 12, 13, 13, 18
11, 12, 12, 12, 12, 13, 13, 19
11, 12, 12, 12, 12, 13, 18, 23
11, 12, 12, 13, 15, 22, 22, 23
11, 12, 15, 15, 15, 15, 19, 19
11, 13, 13, 15, 18, 18, 19, 21
11, 15, 15, 15, 21, 21, 21, 22
11, 15, 15, 18, 18, 18, 18, 19
11, 15, 16, 22, 22, 22, 22, 23
11, 18, 18, 19, 21, 22, 22, 23
12, 12, 12, 12, 13, 13, 15, 22
12, 12, 12, 12, 13, 15, 21, 23
12, 12, 12, 12, 13, 16, 16, 21
12, 12, 12, 12, 13, 16, 19, 23
12, 12, 12, 13, 13, 21, 22, 22
12, 12, 12, 13, 15, 18, 18, 21
12, 12, 13, 16, 18, 19, 19, 22
12, 12, 13, 19, 19, 19, 23, 23
12, 12, 15, 15, 15, 16, 19, 23
12, 12, 15, 16, 16, 19, 21, 22
12, 12, 15, 16, 18, 18, 21, 21
12, 13, 13, 15, 15, 18, 19, 21
12, 13, 15, 15, 15, 19, 21, 22
12, 13, 15, 15, 18, 18, 18, 19
12, 13, 18, 18, 18, 18, 23, 23
12, 15, 15, 15, 18, 19, 23, 23
12, 15, 15, 15, 21, 21, 21, 23
12, 15, 15, 16, 16, 21, 21, 23
12, 15, 15, 16, 18, 19, 22, 23
12, 15, 19, 19, 19, 21, 21, 21
12, 16, 19, 21, 21, 23, 23, 23
12, 19, 19, 19, 19, 19, 19, 21
12, 21, 23, 23, 23, 23, 23, 23
13, 13, 13, 15, 18, 18, 19, 19
13, 13, 13, 22, 22, 22, 22, 22
13, 13, 15, 15, 18, 19, 23, 23
13, 13, 19, 19, 21, 21, 22, 23
13, 15, 15, 15, 15, 16, 16, 18
13, 15, 15, 16, 16, 18, 21, 23
13, 15, 16, 16, 21, 21, 22, 22
13, 15, 16, 18, 18, 18, 19, 19
13, 16, 19, 21, 21, 21, 21, 21
13, 18, 18, 19, 19, 21, 21, 21
13, 21, 21, 21, 21, 21, 21, 22
15, 15, 16, 18, 21, 23, 23, 23
15, 15, 18, 18, 21, 21, 21, 22
15, 16, 16, 18, 22, 22, 22, 22
15, 16, 16, 19, 22, 22, 22, 23
15, 16, 18, 18, 19, 19, 19, 23
15, 18, 18, 18, 21, 21, 21, 22
15, 18, 19, 21, 21, 21, 21, 23
15, 19, 19, 23, 23, 23, 23, 23
18, 19, 19, 19, 19, 21, 22, 23
18, 19, 19, 19, 21, 22, 22, 22
